14 11 47 72
14 11 48 72
14 11 49 76
14 11 50 76
14 11 51 79
14 11 52 82
14 11 53 81
14 11 54 79
14 11 55 82
14 11 56 82
14 11 57 86
14 11 58 86
14 11 59 81
14 12 00 78
14 12 01 76
14 12 02 76
14 12 03 76
14 12 04 76
14 12 05 75
14 12 06 74
14 12 07 74
14 12 08 74
14 12 09 74
14 12 10 73
14 12 11 73
14 12 12 73
14 12 13 73
14 12 14 74
14 12 15 74
14 12 16 74
14 12 17 75
14 12 18 75
14 12 19 76
14 12 20 77
14 12 21 77
14 12 22 78
14 12 23 78
14 12 24 78
14 12 25 77
14 12 26 77
14 12 27 77
14 12 28 79
14 12 29 83
14 12 30 86
14 12 31 87
14 12 32 86
14 12 33 86
14 12 34 84
14 12 35 79
14 12 36 78
14 12 37 77
14 12 38 78
14 12 39 79
14 12 40 79
14 12 41 78
14 12 42 76
14 12 43 75
14 12 44 74
14 12 45 74
14 12 46 74
14 12 47 75
14 12 48 77
14 12 49 77
14 12 50 76
14 12 51 76
14 12 52 76
14 12 53 75
14 12 54 76
14 12 55 76
14 12 56 76
14 12 57 77
14 12 58 77
14 12 59 77
14 13 00 78
14 13 01 77
14 13 02 78
14 13 03 78
14 13 04 78
14 13 05 78
14 13 06 77
14 13 07 77
14 13 08 78
14 13 09 77
14 13 10 76
14 13 11 76
14 13 12 73
14 13 13 74
14 13 14 75
14 13 15 77
14 13 16 77
14 13 17 77
14 13 18 76
14 13 19 77
14 13 20 80
14 13 21 84
14 13 22 85
14 13 23 85
14 13 24 85
14 13 25 82
14 13 26 81
14 13 27 79
14 13 28 78
14 13 29 78
14 13 30 78
14 13 31 77
14 13 32 74
14 13 33 73
14 13 34 72
14 13 35 70
14 13 36 70
14 13 37 70
14 13 38 71
14 13 39 71
14 13 40 72
14 13 41 71
14 13 42 71
14 13 43 70
14 13 44 71
14 13 45 72
14 13 46 73
14 13 47 73
14 13 48 73
14 13 49 73
14 13 50 73
14 13 51 73
14 13 52 72
14 13 53 72
14 13 54 73
14 13 55 73
14 13 56 74
14 13 57 76
14 13 58 76
14 13 59 75
14 14 00 73
14 14 01 73
14 14 02 72
14 14 03 73
14 14 04 76
14 14 05 80
14 14 06 81
14 14 07 81
14 14 08 81
14 14 09 79
14 14 10 75
14 14 11 74
14 14 12 74
14 14 13 74
14 14 14 75
14 14 15 77
14 14 16 78
14 14 17 78
14 14 18 78
14 14 19 77
14 14 20 77
14 14 21 76
14 14 22 77
14 14 23 77
14 14 24 78
14 14 25 79
14 14 26 79
14 14 27 79
14 14 28 80
14 14 29 81
14 14 30 80
14 14 31 79
14 14 32 79
14 14 33 78
14 14 34 78
14 14 35 78
14 14 36 80
14 14 37 80
14 14 38 80
14 14 39 80
14 14 40 79
14 14 41 77
14 14 42 75
14 14 43 75
14 14 44 78
14 14 45 78
14 14 46 80
14 14 47 81
14 14 48 79
14 14 49 76
14 14 50 74
14 14 51 74
14 14 52 73
14 14 53 74
14 14 54 77
14 14 55 79
14 14 56 80
14 14 57 80
14 14 58 79
14 14 59 78
14 15 00 76
14 15 01 76
14 15 02 76
14 15 03 76
14 15 04 76
14 15 05 78
14 15 06 81
14 15 07 82
14 15 08 81
14 15 09 80
14 15 10 80
14 15 11 79
14 15 12 78
14 15 13 78
14 15 14 79
14 15 15 79
14 15 16 79
14 15 17 80
14 15 18 80
14 15 19 82
14 15 20 86
14 15 21 87
14 15 22 87
14 15 23 86
14 15 24 86
14 15 25 87
14 15 26 88
14 15 27 88
14 15 28 88
14 15 29 86
14 15 30 83
14 15 31 81
14 15 32 78
14 15 33 77
14 15 34 76
14 15 35 76
14 15 36 76
14 15 37 75
14 15 38 75
14 15 39 75
14 15 40 75
14 15 41 75
14 15 42 77
14 15 43 77
14 15 44 76
14 15 45 76
14 15 46 74
14 15 47 74
14 15 48 73
14 15 49 74
14 15 50 75
14 15 51 75
14 15 52 75
14 15 53 75
14 15 54 76
14 15 55 78
14 15 56 81
14 15 57 81
14 15 58 80
14 15 59 78
14 16 00 78
14 16 01 78
14 16 02 79
14 16 03 79
14 16 04 80
14 16 05 78
14 16 06 78
14 16 07 74
14 16 08 73
14 16 09 73
14 16 10 74
14 16 11 76
14 16 12 76
14 16 13 77
14 16 14 77
14 16 15 77
14 16 16 77
14 16 17 78
14 16 18 78
14 16 19 77
14 16 20 77
14 16 21 76
14 16 22 76
14 16 23 76
14 16 24 77
14 16 25 77
14 16 26 78
14 16 27 82
14 16 28 84
14 16 29 83
14 16 30 80
14 16 31 80
14 16 32 78
14 16 33 75
14 16 34 76
14 16 35 77
14 16 36 81
14 16 37 81
14 16 38 82
14 16 39 85
14 16 40 86
14 16 41 85
14 16 42 84
14 16 43 84
14 16 44 84
14 16 45 87
14 16 46 91
14 16 47 94
14 16 48 98
14 16 49 98
14 16 50 98
14 16 51 107
14 16 52 112
14 16 53 115
14 16 54 116
14 16 55 117
14 16 56 117
14 16 57 115
14 16 58 111
14 16 59 105
14 17 00 103
14 17 01 101
14 17 02 101
14 17 03 101
14 17 04 102
14 17 05 101
14 17 06 99
14 17 07 98
14 17 08 98
14 17 09 99
14 17 10 98
14 17 11 97
14 17 12 94
14 17 13 93
14 17 14 93
14 17 15 93
14 17 16 94
14 17 17 97
14 17 18 98
14 17 19 101
14 17 20 101
14 17 21 101
14 17 22 100
14 17 23 100
14 17 24 101
14 17 25 102
14 17 26 102
14 17 27 102
14 17 28 102
14 17 29 102
14 17 30 101
14 17 31 101
14 17 32 99
14 17 33 99
14 17 34 96
14 17 35 94
14 17 36 95
14 17 37 96
14 17 38 98
14 17 39 99
14 17 40 99
14 17 41 100
14 17 42 99
14 17 43 97
14 17 44 96
14 17 45 96
14 17 46 96
14 17 47 97
14 17 48 99
14 17 49 100
14 17 50 99
14 17 51 95
14 17 52 95
14 17 53 92
14 17 54 92
14 17 55 90
14 17 56 91
14 17 57 93
14 17 58 93
14 17 59 95
14 18 00 95
14 18 01 95
14 18 02 95
14 18 03 94
14 18 04 94
14 18 05 94
14 18 06 94
14 18 07 95
14 18 08 94
14 18 09 93
14 18 10 91
14 18 11 91
14 18 12 90
14 18 13 89
14 18 14 87
14 18 15 86
14 18 16 85
14 18 17 85
14 18 18 85
14 18 19 88
14 18 20 89
14 18 21 90
14 18 22 88
14 18 23 88
14 18 24 87
14 18 25 91
14 18 26 93
14 18 27 92
14 18 28 87
14 18 29 88
14 18 30 88
14 18 31 92
14 18 32 93
14 18 33 94
14 18 34 90
14 18 35 87
14 18 36 87
14 18 37 85
14 18 38 85
14 18 39 93
14 18 40 94
14 18 41 93
14 18 42 93
14 18 43 92
14 18 44 92
14 18 45 92
14 18 46 91
14 18 47 89
14 18 48 89
14 18 49 88
14 18 50 88
14 18 51 88
14 18 52 89
14 18 53 89
14 18 54 88
14 18 55 88
14 18 56 87
14 18 57 88
14 18 58 90
14 18 59 92
14 19 00 93
14 19 01 93
14 19 02 93
14 19 03 93
14 19 04 91
14 19 05 91
14 19 06 93
14 19 07 93
14 19 08 94
14 19 09 94
14 19 10 92
14 19 11 90
14 19 12 90
14 19 13 90
14 19 14 92
14 19 15 93
14 19 16 94
14 19 17 94
14 19 18 93
14 19 19 92
14 19 20 92
14 19 21 92
14 19 22 95
14 19 23 96
14 19 24 95
14 19 25 94
14 19 26 94
14 19 27 96
14 19 28 96
14 19 29 96
14 19 30 94
14 19 31 91
14 19 32 91
14 19 33 87
14 19 34 86
14 19 35 88
14 19 36 92
14 19 37 94
14 19 38 94
14 19 39 93
14 19 40 92
14 19 41 91
14 19 42 89
14 19 43 89
14 19 44 90
14 19 45 90
14 19 46 91
14 19 47 92
14 19 48 93
14 19 49 93
14 19 50 91
14 19 51 91
14 19 52 92
14 19 53 93
14 19 54 93
14 19 55 95
14 19 56 95
14 19 57 95
14 19 58 95
14 19 59 94
14 20 00 93
14 20 01 93
14 20 02 93
14 20 03 93
14 20 04 94
14 20 05 95
14 20 06 95
14 20 07 94
14 20 08 93
14 20 09 93
14 20 10 93
14 20 11 94
14 20 12 93
14 20 13 93
14 20 14 94
14 20 15 95
14 20 16 95
14 20 17 94
14 20 18 94
14 20 19 94
14 20 20 92
14 20 21 91
14 20 22 91
14 20 23 92
14 20 24 92
14 20 25 92
14 20 26 92
14 20 27 91
14 20 28 91
14 20 29 90
14 20 30 90
14 20 31 90
14 20 32 89
14 20 33 90
14 20 34 90
14 20 35 90
14 20 36 90
14 20 37 90
14 20 38 91
14 20 39 92
14 20 40 92
14 20 41 92
14 20 42 91
14 20 43 90
14 20 44 89
14 20 45 88
14 20 46 89
14 20 47 89
14 20 48 92
14 20 49 93
14 20 50 93
14 20 51 94
14 20 52 93
14 20 53 93
14 20 54 93
14 20 55 92
14 20 56 92
14 20 57 93
14 20 58 94
14 20 59 95
14 21 00 95
14 21 01 95
14 21 02 94
14 21 03 93
14 21 04 93
14 21 05 92
14 21 06 92
14 21 07 92
14 21 08 92
14 21 09 92
14 21 10 89
14 21 11 90
14 21 12 90
14 21 13 93
14 21 14 94
14 21 15 95
14 21 16 96
14 21 17 96
14 21 18 96
14 21 19 96
14 21 20 96
14 21 21 98
14 21 22 100
14 21 23 102
14 21 24 103
14 21 25 103
14 21 26 104
14 21 27 103
14 21 28 100
14 21 29 99
14 21 30 101
14 21 31 101
14 21 32 102
14 21 33 103
14 21 34 102
14 21 35 102
14 21 36 102
14 21 37 102
14 21 38 100
14 21 39 99
14 21 40 100
14 21 41 99
14 21 42 99
14 21 43 99
14 21 44 102
14 21 45 102
14 21 46 102
14 21 47 97
14 21 48 95
14 21 49 98
14 21 50 98
14 21 51 98
14 21 52 98
14 21 53 100
14 21 54 100
14 21 55 102
14 21 56 102
14 21 57 102
14 21 58 101
14 21 59 101
14 22 00 101
14 22 01 99
14 22 02 99
14 22 03 98
14 22 04 100
14 22 05 99
14 22 06 97
14 22 07 94
14 22 08 94
14 22 09 93
14 22 10 89
14 22 11 87
14 22 12 82
14 22 13 79
14 22 14 77
14 22 15 77
14 22 16 75
14 22 17 74
14 22 18 73
14 22 19 74
14 22 20 75
14 22 21 75
14 22 22 75
14 22 23 74
14 22 24 75
14 22 25 75
14 22 26 75
14 22 27 75
14 22 28 75
14 22 29 75
14 22 30 75
14 22 31 74
14 22 32 74
14 22 33 74
14 22 34 74
14 22 35 75
14 22 36 76
14 22 37 76
14 22 38 76
14 22 39 73
14 22 40 73
14 22 41 73
14 22 42 73
14 22 43 74
14 22 44 78
14 22 45 81
14 22 46 81
14 22 47 80
14 22 48 78
14 22 49 72
14 22 50 71
14 22 51 71
14 22 52 71
14 22 53 72
14 22 54 73
14 22 55 73
14 22 56 72
14 22 57 71
14 22 58 71
14 22 59 71
14 23 00 70
14 23 01 69
14 23 02 69
14 23 03 68
14 23 04 68
14 23 05 68
14 23 06 69
14 23 07 70
14 23 08 71
14 23 09 71
14 23 10 70
14 23 11 70
14 23 12 69
14 23 13 69
14 23 14 70
14 23 15 72
14 23 16 73
14 23 17 73
14 23 18 74
14 23 19 73
14 23 20 72
14 23 21 70
14 23 22 69
14 23 23 69
14 23 24 71
14 23 25 73
14 23 26 76
14 23 27 75
14 23 28 72
14 23 29 70
14 23 30 70
14 23 31 69
14 23 32 69
14 23 33 70
14 23 34 72
14 23 35 74
14 23 36 74
14 23 37 77
14 23 38 77
14 23 39 74
14 23 40 73
14 23 41 71
14 23 42 71
14 23 43 72
14 23 44 76
14 23 45 77
14 23 46 78
14 23 47 80
14 23 48 80
14 23 49 82
14 23 50 84
14 23 51 83
14 23 52 81
14 23 53 79
14 23 54 79
14 23 55 79
14 23 56 81
14 23 57 81
14 23 58 79
14 23 59 81
14 24 00 83
14 24 01 83
14 24 02 80
14 24 03 77
14 24 04 75
14 24 05 75
14 24 06 75
14 24 07 75
14 24 08 73
14 24 09 71
14 24 10 69
14 24 11 68
14 24 12 68
14 24 13 68
14 24 14 68
14 24 15 68
14 24 16 68
14 24 17 67
14 24 18 67
14 24 19 67
14 24 20 67
14 24 21 68
14 24 22 68
14 24 23 70
14 24 24 70
14 24 25 70
14 24 26 70
14 24 27 68
14 24 28 67
14 24 29 69
14 24 30 70
14 24 31 75
14 24 32 75
14 24 33 76
14 24 34 76
14 24 35 74
14 24 36 72
14 24 37 70
14 24 38 70
14 24 39 69
14 24 40 71
14 24 41 73
14 24 42 77
14 24 43 75
14 24 44 71
14 24 45 71
14 24 46 70
14 24 47 70
14 24 48 71
14 24 49 73
14 24 50 76
14 24 51 76
14 24 52 76
14 24 53 74
14 24 54 73
14 24 55 73
14 24 56 73
14 24 57 73
14 24 58 74
14 24 59 75
14 25 00 76
14 25 01 77
14 25 02 77
14 25 03 77
14 25 04 76
14 25 05 77
14 25 06 80
14 25 07 81
14 25 08 80
14 25 09 79
14 25 10 79
14 25 11 76
14 25 12 74
14 25 13 75
14 25 14 75
14 25 15 78
14 25 16 78
14 25 17 79
14 25 18 80
14 25 19 78
14 25 20 77
14 25 21 75
14 25 22 75
14 25 23 76
14 25 24 79
14 25 25 83
14 25 26 83
14 25 27 79
14 25 28 79
14 25 29 77
14 25 30 74
14 25 31 72
14 25 32 72
14 25 33 73
14 25 34 73
14 25 35 73
14 25 36 75
14 25 37 75
14 25 38 76
14 25 39 76
14 25 40 77
14 25 41 77
14 25 42 80
14 25 43 79
14 25 44 76
14 25 45 70
14 25 46 70
14 25 47 70
14 25 48 74
14 25 49 80
14 25 50 81
14 25 51 77
14 25 52 74
14 25 53 74
14 25 54 71
14 25 55 70
14 25 56 71
14 25 57 75
14 25 58 77
14 25 59 77
14 26 00 77
14 26 01 76
14 26 02 74
14 26 03 74
14 26 04 74
14 26 05 74
14 26 06 74
14 26 07 74
14 26 08 75
14 26 09 76
14 26 10 76
14 26 11 75
14 26 12 75
14 26 13 75
14 26 14 72
14 26 15 71
14 26 16 71
14 26 17 72
14 26 18 72
14 26 19 72
14 26 20 73
14 26 21 73
14 26 22 72
14 26 23 72
14 26 24 71
14 26 25 71
14 26 26 72
14 26 27 74
14 26 28 75
14 26 29 75
14 26 30 75
14 26 31 75
14 26 32 76
14 26 33 76
14 26 34 77
14 26 35 77
14 26 36 78
14 26 37 78
14 26 38 78
14 26 39 78
14 26 40 79
14 26 41 81
14 26 42 86
14 26 43 86
14 26 44 89
14 26 45 88
14 26 46 89
14 26 47 90
14 26 48 91
14 26 49 90
14 26 50 90
14 26 51 89
14 26 52 88
14 26 53 84
14 26 54 82
14 26 55 79
14 26 56 79
14 26 57 77
14 26 58 75
14 26 59 76
14 27 00 77
14 27 01 78
14 27 02 78
14 27 03 78
14 27 04 76
14 27 05 75
14 27 06 74
14 27 07 73
14 27 08 73
14 27 09 72
14 27 10 73
14 27 11 74
14 27 12 75
14 27 13 75
14 27 14 74
14 27 15 74
14 27 16 74
14 27 17 73
14 27 18 74
14 27 19 75
14 27 20 76
14 27 21 76
14 27 22 77
14 27 23 76
14 27 24 74
14 27 25 72
14 27 26 73
14 27 27 73
14 27 28 73
14 27 29 76
14 27 30 77
14 27 31 80
14 27 32 82
14 27 33 82
14 27 34 82
14 27 35 82
14 27 36 83
14 27 37 88
14 27 38 89
14 27 39 87
14 27 40 87
14 27 41 84
14 27 42 84
14 27 43 82
14 27 44 81
14 27 45 79
14 27 46 79
14 27 47 78
14 27 48 77
14 27 49 78
14 27 50 80
14 27 51 86
14 27 52 86
14 27 53 92
14 27 54 96
14 27 55 99
14 27 56 100
14 27 57 102
14 27 58 102
14 27 59 104
14 28 00 105
14 28 01 105
14 28 02 106
14 28 03 103
14 28 04 103
14 28 05 103
14 28 06 96
14 28 07 89
14 28 08 88
14 28 09 89
14 28 10 90
14 28 11 90
14 28 12 91
14 28 13 92
14 28 14 91
14 28 15 92
14 28 16 94
14 28 17 94
14 28 18 95
14 28 19 96
14 28 20 97
14 28 21 96
14 28 22 96
14 28 23 96
14 28 24 97
14 28 25 99
14 28 26 101
14 28 27 101
14 28 28 101
14 28 29 101
14 28 30 101
14 28 31 102
14 28 32 102
14 28 33 102
14 28 34 104
14 28 35 105
14 28 36 105
14 28 37 106
14 28 38 106
14 28 39 106
14 28 40 106
14 28 41 105
14 28 42 105
14 28 43 105
14 28 44 105
14 28 45 105
14 28 46 105
14 28 47 105
14 28 48 105
14 28 49 105
14 28 50 104
14 28 51 103
14 28 52 103
14 28 53 102
14 28 54 101
14 28 55 101
14 28 56 101
14 28 57 101
14 28 58 102
14 28 59 102
14 29 00 102
14 29 01 102
14 29 02 102
14 29 03 102
14 29 04 101
14 29 05 101
14 29 06 100
14 29 07 100
14 29 08 100
14 29 09 101
14 29 10 102
14 29 11 103
14 29 12 103
14 29 13 103
14 29 14 103
14 29 15 102
14 29 16 100
14 29 17 97
14 29 18 96
14 29 19 97
14 29 20 97
14 29 21 98
14 29 22 99
14 29 23 98
14 29 24 97
14 29 25 96
14 29 26 96
14 29 27 97
14 29 28 98
14 29 29 98
14 29 30 98
14 29 31 94
14 29 32 94
14 29 33 93
14 29 34 94
14 29 35 96
14 29 36 98
14 29 37 100
14 29 38 100
14 29 39 99
14 29 40 96
14 29 41 95
14 29 42 94
14 29 43 93
14 29 44 93
14 29 45 93
14 29 46 94
14 29 47 95
14 29 48 96
14 29 49 97
14 29 50 97
14 29 51 97
14 29 52 97
14 29 53 97
14 29 54 97
14 29 55 96
14 29 56 96
14 29 57 96
14 29 58 98
14 29 59 97
14 30 00 95
14 30 01 97
14 30 02 98
14 30 03 98
14 30 04 98
14 30 05 99
14 30 06 98
14 30 07 97
14 30 08 98
14 30 09 98
14 30 10 98
14 30 11 99
14 30 12 98
14 30 13 98
14 30 14 95
14 30 15 94
14 30 16 94
14 30 17 93
14 30 18 93
14 30 19 94
14 30 20 94
14 30 21 93
14 30 22 93
14 30 23 92
14 30 24 92
14 30 25 92
14 30 26 94
14 30 27 94
14 30 28 94
14 30 29 94
14 30 30 96
14 30 31 96
14 30 32 96
14 30 33 94
14 30 34 94
14 30 35 94
14 30 36 94
14 30 37 94
14 30 38 94
14 30 39 92
14 30 40 90
14 30 41 90
14 30 42 90
14 30 43 91
14 30 44 93
14 30 45 93
14 30 46 93
14 30 47 93
14 30 48 94
14 30 49 92
14 30 50 90
14 30 51 91
14 30 52 89
14 30 53 89
14 30 54 87
14 30 55 88
14 30 56 91
14 30 57 92
14 30 58 93
14 30 59 93
14 31 00 93
14 31 01 95
14 31 02 95
14 31 03 95
14 31 04 96
14 31 05 96
14 31 06 96
14 31 07 95
14 31 08 94
14 31 09 93
14 31 10 94
14 31 11 94
14 31 12 94
14 31 13 93
14 31 14 91
14 31 15 87
14 31 16 84
14 31 17 83
14 31 18 83
14 31 19 84
14 31 20 86
14 31 21 86
14 31 22 85
14 31 23 84
14 31 24 84
14 31 25 84
14 31 26 84
14 31 27 85
14 31 28 87
14 31 29 88
14 31 30 87
14 31 31 87
14 31 32 84
14 31 33 83
14 31 34 82
14 31 35 80
14 31 36 82
14 31 37 82
14 31 38 88
14 31 39 90
14 31 40 93
14 31 41 92
14 31 42 90
14 31 43 90
14 31 44 90
14 31 45 91
14 31 46 92
14 31 47 91
14 31 48 88
14 31 49 88
14 31 50 88
14 31 51 86
14 31 52 87
14 31 53 90
14 31 54 90
14 31 55 91
14 31 56 91
14 31 57 91
14 31 58 92
14 31 59 93
14 32 00 92
14 32 01 92
14 32 02 92
14 32 03 91
14 32 04 91
14 32 05 94
14 32 06 96
14 32 07 97
14 32 08 97
14 32 09 96
14 32 10 94
14 32 11 94
14 32 12 93
14 32 13 93
14 32 14 94
14 32 15 94
14 32 16 96
14 32 17 95
14 32 18 93
14 32 19 93
14 32 20 96
14 32 21 96
14 32 22 96
14 32 23 96
14 32 24 95
14 32 25 95
14 32 26 96
14 32 27 96
14 32 28 94
14 32 29 93
14 32 30 95
14 32 31 97
14 32 32 99
14 32 33 99
14 32 34 99
14 32 35 96
14 32 36 91
14 32 37 92
14 32 38 95
14 32 39 96
14 32 40 96
14 32 41 96
14 32 42 97
14 32 43 96
14 32 44 95
14 32 45 95
14 32 46 95
14 32 47 96
14 32 48 98
14 32 49 98
14 32 50 98
14 32 51 98
14 32 52 98
14 32 53 98
14 32 54 98
14 32 55 98
14 32 56 99
14 32 57 101
14 32 58 101
14 32 59 102
14 33 00 104
14 33 01 104
14 33 02 100
14 33 03 100
14 33 04 102
14 33 05 102
14 33 06 101
14 33 07 99
14 33 08 98
14 33 09 98
14 33 10 95
14 33 11 95
14 33 12 89
14 33 13 89
14 33 14 89
14 33 15 82
14 33 16 82
14 33 17 82
14 33 18 82
14 33 19 81
14 33 20 77
14 33 21 76
14 33 22 74
14 33 23 74
14 33 24 73
14 33 25 72
14 33 26 73
14 33 27 73
14 33 28 75
14 33 29 74
14 33 30 74
14 33 31 71
14 33 32 70
14 33 33 71
14 33 34 71
14 33 35 71
14 33 36 71
14 33 37 71
14 33 38 71
14 33 39 70
14 33 40 70
14 33 41 71
14 33 42 71
14 33 43 74
14 33 44 75
14 33 45 75
14 33 46 74
14 33 47 72
14 33 48 72
14 33 49 70
14 33 50 73
14 33 51 75
14 33 52 76
14 33 53 75
14 33 54 74
14 33 55 74
14 33 56 71
14 33 57 70
14 33 58 69
14 33 59 69
14 34 00 70
14 34 01 70
14 34 02 70
14 34 03 70
14 34 04 69
14 34 05 67
14 34 06 67
14 34 07 67
14 34 08 67
14 34 09 67
14 34 10 68
14 34 11 68
14 34 12 68
14 34 13 68
14 34 14 68
14 34 15 68
14 34 16 68
14 34 17 68
14 34 18 70
14 34 19 72
14 34 20 72
14 34 21 71
14 34 22 71
14 34 23 68
14 34 24 67
14 34 25 67
14 34 26 67
14 34 27 71
14 34 28 72
14 34 29 74
14 34 30 73
14 34 31 72
14 34 32 72
14 34 33 69
14 34 34 69
14 34 35 71
14 34 36 73
14 34 37 76
14 34 38 77
14 34 39 77
14 34 40 75
14 34 41 74
14 34 42 73
14 34 43 71
14 34 44 72
14 34 45 72
14 34 46 73
14 34 47 74
14 34 48 74
14 34 49 73
14 34 50 72
14 34 51 72
14 34 52 69
14 34 53 70
14 34 54 71
14 34 55 72
14 34 56 72
14 34 57 72
14 34 58 71
14 34 59 71
14 35 00 69
14 35 01 69
14 35 02 71
14 35 03 72
14 35 04 72
14 35 05 72
14 35 06 69
14 35 07 68
14 35 08 68
14 35 09 68
14 35 10 68
14 35 11 70
14 35 12 71
14 35 13 71
14 35 14 70
14 35 15 70
14 35 16 70
14 35 17 70
14 35 18 70
14 35 19 70
14 35 20 69
14 35 21 69
14 35 22 69
14 35 23 69
14 35 24 74
14 35 25 80
14 35 26 81
14 35 27 77
14 35 28 75
14 35 29 75
14 35 30 73
14 35 31 73
14 35 32 73
14 35 33 74
14 35 34 74
14 35 35 74
14 35 36 75
14 35 37 75
14 35 38 75
14 35 39 78
14 35 40 81
14 35 41 81
14 35 42 83
14 35 43 82
14 35 44 79
14 35 45 78
14 35 46 76
14 35 47 76
14 35 48 75
14 35 49 72
14 35 50 72
14 35 51 71
14 35 52 72
14 35 53 73
14 35 54 73
14 35 55 74
14 35 56 76
14 35 57 81
14 35 58 83
14 35 59 84
14 36 00 84
14 36 01 86
14 36 02 87
14 36 03 84
14 36 04 81
14 36 05 79
14 36 06 79
14 36 07 80
14 36 08 82
14 36 09 83
14 36 10 81
14 36 11 77
14 36 12 77
14 36 13 75
14 36 14 73
14 36 15 73
14 36 16 75
14 36 17 75
14 36 18 75
14 36 19 75
14 36 20 75
14 36 21 74
14 36 22 74
14 36 23 73
14 36 24 74
14 36 25 74
14 36 26 75
14 36 27 77
14 36 28 77
14 36 29 76
14 36 30 73
14 36 31 73
14 36 32 71
14 36 33 72
14 36 34 75
14 36 35 77
14 36 36 79
14 36 37 79
14 36 38 81
14 36 39 82
14 36 40 81
14 36 41 80
14 36 42 75
14 36 43 73
14 36 44 73
14 36 45 71
14 36 46 71
14 36 47 74
14 36 48 77
14 36 49 81
14 36 50 81
14 36 51 88
14 36 52 94
14 36 53 98
14 36 54 98
14 36 55 103
14 36 56 103
14 36 57 104
14 36 58 104
14 36 59 104
14 37 00 105
14 37 01 106
14 37 02 106
14 37 03 106
14 37 04 103
14 37 05 101
14 37 06 101
14 37 07 101
14 37 08 101
14 37 09 101
14 37 10 98
14 37 11 92
14 37 12 89
14 37 13 89
14 37 14 91
14 37 15 91
14 37 16 92
14 37 17 91
14 37 18 91
14 37 19 91
14 37 20 92
14 37 21 92
14 37 22 93
14 37 23 95
14 37 24 96
14 37 25 97
14 37 26 100
14 37 27 100
14 37 28 101
14 37 29 100
14 37 30 99
14 37 31 99
14 37 32 99
14 37 33 99
14 37 34 99
14 37 35 100
14 37 36 100
14 37 37 101
14 37 38 100
14 37 39 100
14 37 40 100
14 37 41 100
14 37 42 99
14 37 43 97
14 37 44 97
14 37 45 97
14 37 46 97
14 37 47 98
14 37 48 101
14 37 49 103
14 37 50 103
14 37 51 103
14 37 52 103
14 37 53 102
14 37 54 102
14 37 55 102
14 37 56 101
14 37 57 101
14 37 58 101
14 37 59 101
14 38 00 101
14 38 01 99
14 38 02 99
14 38 03 99
14 38 04 99
14 38 05 99
14 38 06 99
14 38 07 99
14 38 08 98
14 38 09 97
14 38 10 97
14 38 11 97
14 38 12 97
14 38 13 97
14 38 14 98
14 38 15 98
14 38 16 98
14 38 17 98
14 38 18 97
14 38 19 95
14 38 20 95
14 38 21 95
14 38 22 95
14 38 23 97
14 38 24 97
14 38 25 97
14 38 26 98
14 38 27 98
14 38 28 97
14 38 29 97
14 38 30 97
14 38 31 97
14 38 32 97
14 38 33 97
14 38 34 97
14 38 35 98
14 38 36 98
14 38 37 102
14 38 38 102
14 38 39 99
14 38 40 98
14 38 41 99
14 38 42 99
14 38 43 100
14 38 44 100
14 38 45 101
14 38 46 103
14 38 47 102
14 38 48 101
14 38 49 101
14 38 50 102
14 38 51 102
14 38 52 102
14 38 53 102
14 38 54 102
14 38 55 102
14 38 56 103
14 38 57 101
14 38 58 101
14 38 59 103
14 39 00 106
14 39 01 106
14 39 02 107
14 39 03 107
14 39 04 107
14 39 05 106
14 39 06 105
14 39 07 105
14 39 08 104
14 39 09 104
14 39 10 104
14 39 11 106
14 39 12 105
14 39 13 105
14 39 14 105
14 39 15 105
14 39 16 104
14 39 17 104
14 39 18 104
14 39 19 102
14 39 20 102
14 39 21 101
14 39 22 100
14 39 23 101
14 39 24 100
14 39 25 100
14 39 26 100
14 39 27 100
14 39 28 100
14 39 29 100
14 39 30 98
14 39 31 98
14 39 32 98
14 39 33 98
14 39 34 98
14 39 35 99
14 39 36 99
14 39 37 99
14 39 38 98
14 39 39 98
14 39 40 98
14 39 41 98
14 39 42 98
14 39 43 100
14 39 44 100
14 39 45 100
14 39 46 99
14 39 47 99
14 39 48 100
14 39 49 100
14 39 50 98
14 39 51 98
14 39 52 97
14 39 53 99
14 39 54 101
14 39 55 103
14 39 56 102
14 39 57 102
14 39 58 102
14 39 59 100
14 40 00 98
14 40 01 97
14 40 02 98
14 40 03 98
14 40 04 98
14 40 05 98
14 40 06 99
14 40 07 97
14 40 08 97
14 40 09 97
14 40 10 97
14 40 11 98
14 40 12 97
14 40 13 96
14 40 14 95
14 40 15 95
14 40 16 95
14 40 17 98
14 40 18 100
14 40 19 97
14 40 20 93
14 40 21 95
14 40 22 95
14 40 23 96
14 40 24 97
14 40 25 98
14 40 26 97
14 40 27 96
14 40 28 96
14 40 29 96
14 40 30 97
14 40 31 97
14 40 32 98
14 40 33 98
14 40 34 98
14 40 35 98
14 40 36 98
14 40 37 98
14 40 38 98
14 40 39 99
14 40 40 98
14 40 41 98
14 40 42 99
14 40 43 97
14 40 44 96
14 40 45 95
14 40 46 95
14 40 47 95
14 40 48 94
14 40 49 96
14 40 50 97
14 40 51 97
14 40 52 97
14 40 53 98
14 40 54 98
14 40 55 98
14 40 56 97
14 40 57 97
14 40 58 96
14 40 59 96
14 41 00 96
14 41 01 95
14 41 02 94
14 41 03 95
14 41 04 95
14 41 05 96
14 41 06 96
14 41 07 96
14 41 08 96
14 41 09 96
14 41 10 95
14 41 11 95
14 41 12 95
14 41 13 95
14 41 14 94
14 41 15 95
14 41 16 96
14 41 17 96
14 41 18 96
14 41 19 96
14 41 20 96
14 41 21 96
14 41 22 97
14 41 23 97
14 41 24 97
14 41 25 97
14 41 26 97
14 41 27 98
14 41 28 96
14 41 29 95
14 41 30 96
14 41 31 96
14 41 32 96
14 41 33 96
14 41 34 97
14 41 35 96
14 41 36 96
14 41 37 96
14 41 38 96
14 41 39 97
14 41 40 96
14 41 41 97
14 41 42 97
14 41 43 97
14 41 44 97
14 41 45 97
14 41 46 95
14 41 47 95
14 41 48 96
14 41 49 96
14 41 50 96
14 41 51 96
14 41 52 95
14 41 53 95
14 41 54 94
14 41 55 94
14 41 56 94
14 41 57 93
14 41 58 93
14 41 59 93
14 42 00 94
14 42 01 95
14 42 02 95
14 42 03 97
14 42 04 99
14 42 05 101
14 42 06 101
14 42 07 103
14 42 08 106
14 42 09 106
14 42 10 105
14 42 11 99
14 42 12 93
14 42 13 91
14 42 14 91
14 42 15 91
14 42 16 90
14 42 17 91
14 42 18 88
14 42 19 84
14 42 20 81
14 42 21 81
14 42 22 75
14 42 23 73
14 42 24 72
14 42 25 72
14 42 26 72
14 42 27 72
14 42 28 73
14 42 29 73
14 42 30 72
14 42 31 71
14 42 32 71
14 42 33 72
14 42 34 72
14 42 35 75
14 42 36 75
14 42 37 74
14 42 38 72
14 42 39 72
14 42 40 72
14 42 41 73
14 42 42 76
14 42 43 77
14 42 44 76
14 42 45 75
14 42 46 75
14 42 47 73
14 42 48 73
14 42 49 74
14 42 50 76
14 42 51 76
14 42 52 76
14 42 53 76
14 42 54 76
14 42 55 76
14 42 56 77
14 42 57 78
14 42 58 77
14 42 59 77
14 43 00 77
14 43 01 76
14 43 02 76
14 43 03 74
14 43 04 73
14 43 05 73
14 43 06 72
14 43 07 72
14 43 08 72
14 43 09 74
14 43 10 75
14 43 11 75
14 43 12 75
14 43 13 75
14 43 14 74
14 43 15 72
14 43 16 73
14 43 17 73
14 43 18 80
14 43 19 88
14 43 20 93
14 43 21 94
14 43 22 88
14 43 23 83
14 43 24 83
14 43 25 74
14 43 26 72
14 43 27 71
14 43 28 72
14 43 29 71
14 43 30 71
14 43 31 70
14 43 32 68
14 43 33 67
14 43 34 68
14 43 35 68
14 43 36 68
14 43 37 68
14 43 38 68
14 43 39 66
14 43 40 65
14 43 41 64
14 43 42 64
14 43 43 66
14 43 44 68
14 43 45 69
14 43 46 69
14 43 47 69
14 43 48 68
14 43 49 68
14 43 50 69
14 43 51 68
14 43 52 69
14 43 53 70
14 43 54 72
14 43 55 72
14 43 56 72
14 43 57 72
14 43 58 71
14 43 59 70
14 44 00 70
14 44 01 70
14 44 02 70
14 44 03 72
14 44 04 72
14 44 05 73
14 44 06 74
14 44 07 74
14 44 08 76
14 44 09 76
14 44 10 76
14 44 11 75
14 44 12 76
14 44 13 76
14 44 14 76
14 44 15 78
14 44 16 80
14 44 17 81
14 44 18 80
14 44 19 79
14 44 20 79
14 44 21 79
14 44 22 79
14 44 23 80
14 44 24 78
14 44 25 78
14 44 26 78
14 44 27 79
14 44 28 80
14 44 29 78
14 44 30 77
14 44 31 75
14 44 32 75
14 44 33 74
14 44 34 75
14 44 35 76
14 44 36 77
14 44 37 77
14 44 38 74
14 44 39 74
14 44 40 74
14 44 41 74
14 44 42 74
14 44 43 74
14 44 44 75
14 44 45 75
14 44 46 75
14 44 47 76
14 44 48 75
14 44 49 76
14 44 50 78
14 44 51 78
14 44 52 78
14 44 53 75
14 44 54 73
14 44 55 71
14 44 56 70
14 44 57 70
14 44 58 71
14 44 59 72
14 45 00 75
14 45 01 75
14 45 02 75
14 45 03 74
14 45 04 74
14 45 05 74
14 45 06 73
14 45 07 73
14 45 08 74
14 45 09 75
14 45 10 75
14 45 11 77
14 45 12 78
14 45 13 78
14 45 14 80
14 45 15 81
14 45 16 81
14 45 17 81
14 45 18 79
14 45 19 78
14 45 20 78
14 45 21 78
14 45 22 78
14 45 23 78
14 45 24 77
14 45 25 74
14 45 26 73
14 45 27 72
14 45 28 74
14 45 29 74
14 45 30 81
14 45 31 83
14 45 32 84
14 45 33 85
14 45 34 90
14 45 35 90
14 45 36 94
14 45 37 96
14 45 38 93
14 45 39 92
14 45 40 93
14 45 41 93
14 45 42 90
14 45 43 83
14 45 44 80
14 45 45 77
14 45 46 72
14 45 47 72
14 45 48 71
14 45 49 69
14 45 50 68
14 45 51 68
14 45 52 67
14 45 53 66
14 45 54 66
14 45 55 65
14 45 56 65
14 45 57 65
14 45 58 66
14 45 59 66
14 46 00 66
14 46 01 66
14 46 02 66
14 46 03 66
14 46 04 67
14 46 05 67
14 46 06 67
14 46 07 68
14 46 08 69
14 46 09 69
14 46 10 69
14 46 11 70
14 46 12 70
14 46 13 72
14 46 14 72
14 46 15 72
14 46 16 71
14 46 17 68
14 46 18 68
14 46 19 68
14 46 20 68
14 46 21 70
14 46 22 72
14 46 23 74
14 46 24 74
14 46 25 74
14 46 26 74
14 46 27 73
14 46 28 71
14 46 29 71
14 46 30 71
14 46 31 71
14 46 32 72
14 46 33 73
14 46 34 73
14 46 35 73
14 46 36 72
14 46 37 72
14 46 38 71
14 46 39 70
14 46 40 70
14 46 41 70
14 46 42 71
14 46 43 74
14 46 44 74
14 46 45 75
14 46 46 75
14 46 47 73
14 46 48 73
14 46 49 75
14 46 50 75
14 46 51 80
14 46 52 87
14 46 53 91
14 46 54 93
14 46 55 93
14 46 56 93
14 46 57 96
14 46 58 99
14 46 59 101
14 47 00 102
14 47 01 104
14 47 02 104
14 47 03 105
14 47 04 104
14 47 05 101
14 47 06 101
14 47 07 101
14 47 08 101
14 47 09 101
14 47 10 101
14 47 11 98
14 47 12 96
14 47 13 93
14 47 14 94
14 47 15 94
14 47 16 94
14 47 17 94
14 47 18 94
14 47 19 94
14 47 20 95
14 47 21 95
14 47 22 95
14 47 23 98
14 47 24 101
14 47 25 103
14 47 26 105
14 47 27 105
14 47 28 106
14 47 29 107
14 47 30 108
14 47 31 109
14 47 32 110
14 47 33 110
14 47 34 110
14 47 35 111
14 47 36 112
14 47 37 112
14 47 38 113
14 47 39 112
14 47 40 112
14 47 41 112
14 47 42 112
14 47 43 111
14 47 44 111
14 47 45 109
14 47 46 109
14 47 47 109
14 47 48 109
14 47 49 108
14 47 50 107
14 47 51 107
14 47 52 107
14 47 53 107
14 47 54 106
14 47 55 107
14 47 56 108
14 47 57 108
14 47 58 109
14 47 59 109
14 48 00 110
14 48 01 110
14 48 02 109
14 48 03 108
14 48 04 108
14 48 05 108
14 48 06 108
14 48 07 108
14 48 08 109
14 48 09 109
14 48 10 108
14 48 11 108
14 48 12 108
14 48 13 107
14 48 14 107
14 48 15 106
14 48 16 105
14 48 17 105
14 48 18 105
14 48 19 105
14 48 20 106
14 48 21 108
14 48 22 109
14 48 23 109
14 48 24 109
14 48 25 108
14 48 26 106
14 48 27 106
14 48 28 107
14 48 29 106
14 48 30 106
14 48 31 105
14 48 32 105
14 48 33 107
14 48 34 108
14 48 35 109
14 48 36 109
14 48 37 109
14 48 38 109
14 48 39 109
14 48 40 108
14 48 41 107
14 48 42 107
14 48 43 107
14 48 44 106
14 48 45 105
14 48 46 105
14 48 47 105
14 48 48 106
14 48 49 106
14 48 50 107
14 48 51 106
14 48 52 106
14 48 53 107
14 48 54 108
14 48 55 108
14 48 56 108
14 48 57 108
14 48 58 110
14 48 59 110
14 49 00 111
14 49 01 111
14 49 02 111
14 49 03 111
14 49 04 110
14 49 05 109
14 49 06 109
14 49 07 109
14 49 08 109
14 49 09 109
14 49 10 109
14 49 11 108
14 49 12 107
14 49 13 107
14 49 14 107
14 49 15 107
14 49 16 107
14 49 17 108
14 49 18 107
14 49 19 107
14 49 20 107
14 49 21 108
14 49 22 107
14 49 23 108
14 49 24 107
14 49 25 106
14 49 26 106
14 49 27 106
14 49 28 106
14 49 29 108
14 49 30 108
14 49 31 108
14 49 32 108
14 49 33 108
14 49 34 107
14 49 35 107
14 49 36 106
14 49 37 105
14 49 38 105
14 49 39 105
14 49 40 104
14 49 41 105
14 49 42 105
14 49 43 106
14 49 44 107
14 49 45 107
14 49 46 107
14 49 47 107
14 49 48 104
14 49 49 104
14 49 50 104
14 49 51 104
14 49 52 104
14 49 53 103
14 49 54 105
14 49 55 107
14 49 56 107
14 49 57 107
14 49 58 107
14 49 59 105
14 50 00 104
14 50 01 101
14 50 02 99
14 50 03 99
14 50 04 99
14 50 05 96
14 50 06 97
14 50 07 97
14 50 08 98
14 50 09 99
14 50 10 99
14 50 11 100
14 50 12 102
14 50 13 102
14 50 14 103
14 50 15 103
14 50 16 103
14 50 17 103
14 50 18 104
14 50 19 104
14 50 20 105
14 50 21 105
14 50 22 105
14 50 23 105
14 50 24 106
14 50 25 105
14 50 26 104
14 50 27 103
14 50 28 103
14 50 29 103
14 50 30 102
14 50 31 103
14 50 32 103
14 50 33 105
14 50 34 107
14 50 35 107
14 50 36 109
14 50 37 109
14 50 38 108
14 50 39 107
14 50 40 107
14 50 41 107
14 50 42 107
14 50 43 108
14 50 44 109
14 50 45 109
14 50 46 110
14 50 47 110
14 50 48 110
14 50 49 109
14 50 50 109
14 50 51 108
14 50 52 107
14 50 53 108
14 50 54 108
14 50 55 108
14 50 56 109
14 50 57 110
14 50 58 111
14 50 59 111
14 51 00 111
14 51 01 111
14 51 02 110
14 51 03 109
14 51 04 107
14 51 05 107
14 51 06 107
14 51 07 108
14 51 08 110
14 51 09 112
14 51 10 112
14 51 11 111
14 51 12 111
14 51 13 112
14 51 14 111
14 51 15 111
14 51 16 111
14 51 17 109
14 51 18 108
14 51 19 108
14 51 20 108
14 51 21 107
14 51 22 107
14 51 23 107
14 51 24 108
14 51 25 108
14 51 26 108
14 51 27 108
14 51 28 108
14 51 29 107
14 51 30 106
14 51 31 106
14 51 32 105
14 51 33 105
14 51 34 106
14 51 35 106
14 51 36 106
14 51 37 106
14 51 38 107
14 51 39 107
14 51 40 109
14 51 41 109
14 51 42 111
14 51 43 110
14 51 44 110
14 51 45 111
14 51 46 112
14 51 47 112
14 51 48 112
14 51 49 110
14 51 50 110
14 51 51 109
14 51 52 109
14 51 53 106
14 51 54 105
14 51 55 103
14 51 56 103
14 51 57 105
14 51 58 106
14 51 59 105
14 52 00 106
14 52 01 107
14 52 02 107
14 52 03 106
14 52 04 101
14 52 05 101
14 52 06 97
14 52 07 93
14 52 08 93
14 52 09 93
14 52 10 92
14 52 11 90
14 52 12 87
14 52 13 86
14 52 14 84
14 52 15 84
14 52 16 83
14 52 17 79
14 52 18 77
14 52 19 74
14 52 20 73
14 52 21 73
14 52 22 73
14 52 23 73
14 52 24 72
14 52 25 71
14 52 26 71
14 52 27 71
14 52 28 71
14 52 29 72
14 52 30 72
14 52 31 70
14 52 32 69
14 52 33 67
14 52 34 67
14 52 35 67
14 52 36 67
14 52 37 68
14 52 38 68
14 52 39 68
14 52 40 68
14 52 41 67
14 52 42 67
14 52 43 67
14 52 44 68
14 52 45 69
14 52 46 69
14 52 47 70
14 52 48 70
14 52 49 70
14 52 50 68
14 52 51 68
14 52 52 68
14 52 53 68
14 52 54 68
14 52 55 68
14 52 56 68
14 52 57 67
14 52 58 66
14 52 59 66
14 53 00 66
14 53 01 66
14 53 02 67
14 53 03 68
14 53 04 69
14 53 05 69
14 53 06 69
14 53 07 68
14 53 08 66
14 53 09 67
14 53 10 69
14 53 11 69
14 53 12 71
14 53 13 73
14 53 14 73
14 53 15 72
14 53 16 69
14 53 17 69
14 53 18 67
14 53 19 66
14 53 20 67
14 53 21 67
14 53 22 69
14 53 23 70
14 53 24 70
14 53 25 71
14 53 26 72
14 53 27 73
14 53 28 73
14 53 29 69
14 53 30 69
14 53 31 67
14 53 32 66
14 53 33 68
14 53 34 69
14 53 35 70
14 53 36 70
14 53 37 70
14 53 38 68
14 53 39 67
14 53 40 67
14 53 41 67
14 53 42 67
14 53 43 70
14 53 44 72
14 53 45 73
14 53 46 72
14 53 47 69
14 53 48 66
14 53 49 66
14 53 50 67
14 53 51 69
14 53 52 72
14 53 53 73
14 53 54 73
14 53 55 73
14 53 56 72
14 53 57 71
14 53 58 70
14 53 59 70
14 54 00 72
14 54 01 72
14 54 02 76
14 54 03 76
14 54 04 74
14 54 05 73
14 54 06 74
14 54 07 74
14 54 08 77
14 54 09 82
14 54 10 82
14 54 11 81
14 54 12 79
14 54 13 79
14 54 14 79
14 54 15 78
14 54 16 78
14 54 17 78
14 54 18 79
14 54 19 77
14 54 20 77
14 54 21 76
14 54 22 76
14 54 23 75
14 54 24 76
14 54 25 77
14 54 26 77
14 54 27 76
14 54 28 75
14 54 29 75
14 54 30 75
14 54 31 74
14 54 32 74
14 54 33 73
14 54 34 72
14 54 35 71
14 54 36 73
14 54 37 75
14 54 38 75
14 54 39 75
14 54 40 74
14 54 41 72
14 54 42 71
14 54 43 71
14 54 44 73
14 54 45 73
14 54 46 75
14 54 47 76
14 54 48 75
14 54 49 72
14 54 50 72
14 54 51 72
14 54 52 73
14 54 53 75
14 54 54 77
14 54 55 78
14 54 56 77
14 54 57 77
14 54 58 77
14 54 59 78
14 55 00 79
14 55 01 80
14 55 02 83
14 55 03 86
14 55 04 86
14 55 05 86
14 55 06 79
14 55 07 77
14 55 08 76
14 55 09 80
14 55 10 80
14 55 11 81
14 55 12 81
14 55 13 80
14 55 14 78
14 55 15 76
14 55 16 76
14 55 17 76
14 55 18 75
14 55 19 74
14 55 20 72
14 55 21 72
14 55 22 72
14 55 23 70
14 55 24 70
14 55 25 70
14 55 26 71
14 55 27 71
14 55 28 71
14 55 29 71
14 55 30 72
14 55 31 73
14 55 32 73
14 55 33 72
14 55 34 72
14 55 35 72
14 55 36 72
14 55 37 72
14 55 38 74
14 55 39 75
14 55 40 77
14 55 41 77
14 55 42 77
14 55 43 73
14 55 44 71
14 55 45 68
14 55 46 68
14 55 47 68
14 55 48 68
14 55 49 68
14 55 50 73
14 55 51 73
14 55 52 71
14 55 53 70
14 55 54 70
14 55 55 69
14 55 56 67
14 55 57 68
14 55 58 70
14 55 59 72
14 56 00 72
14 56 01 73
14 56 02 73
14 56 03 73
14 56 04 72
14 56 05 72
14 56 06 72
14 56 07 74
14 56 08 75
14 56 09 76
14 56 10 75
14 56 11 76
14 56 12 76
14 56 13 77
14 56 14 77
14 56 15 75
14 56 16 70
14 56 17 68
14 56 18 67
14 56 19 67
14 56 20 70
14 56 21 75
14 56 22 77
14 56 23 78
14 56 24 77
14 56 25 77
14 56 26 75
14 56 27 73
14 56 28 72
14 56 29 74
14 56 30 74
14 56 31 74
14 56 32 76
14 56 33 78
14 56 34 77
14 56 35 76
14 56 36 71
14 56 37 71
14 56 38 69
14 56 39 67
14 56 40 66
14 56 41 66
14 56 42 70
14 56 43 71
14 56 44 71
14 56 45 74
14 56 46 73
14 56 47 73
14 56 48 72
14 56 49 72
14 56 50 72
14 56 51 71
14 56 52 72
14 56 53 74
14 56 54 76
14 56 55 84
14 56 56 84
14 56 57 88
14 56 58 93
14 56 59 96
14 57 00 98
14 57 01 99
14 57 02 99
14 57 03 100
14 57 04 103
14 57 05 104
14 57 06 105
14 57 07 104
14 57 08 102
14 57 09 102
14 57 10 102
14 57 11 102
14 57 12 102
14 57 13 98
14 57 14 95
14 57 15 95
14 57 16 95
14 57 17 97
14 57 18 98
14 57 19 99
14 57 20 99
14 57 21 99
14 57 22 100
14 57 23 101
14 57 24 102
14 57 25 103
14 57 26 104
14 57 27 104
14 57 28 104
14 57 29 105
14 57 30 106
14 57 31 107
14 57 32 108
14 57 33 109
14 57 34 109
14 57 35 111
14 57 36 111
14 57 37 114
14 57 38 115
14 57 39 116
14 57 40 116
14 57 41 117
14 57 42 118
14 57 43 118
14 57 44 119
14 57 45 119
14 57 46 119
14 57 47 120
14 57 48 120
14 57 49 120
14 57 50 119
14 57 51 119
14 57 52 119
14 57 53 120
14 57 54 121
14 57 55 121
14 57 56 122
14 57 57 123
14 57 58 123
14 57 59 123
14 58 00 123
14 58 01 123
14 58 02 125
14 58 03 125
14 58 04 126
14 58 05 126
14 58 06 128
14 58 07 128
14 58 08 128
14 58 09 128
14 58 10 128
14 58 11 128
14 58 12 128
14 58 13 128
14 58 14 125
14 58 15 125
14 58 16 128
14 58 17 128
14 58 18 128
14 58 19 128
14 58 20 129
14 58 21 129
14 58 22 131
14 58 23 132
14 58 24 132
14 58 25 132
14 58 26 133
14 58 27 133
14 58 28 133
14 58 29 134
14 58 30 134
14 58 31 134
14 58 32 134
14 58 33 134
14 58 34 133
14 58 35 133
14 58 36 133
14 58 37 133
14 58 38 134
14 58 39 134
14 58 40 133
14 58 41 133
14 58 42 133
14 58 43 133
14 58 44 134
14 58 45 134
14 58 46 134
14 58 47 134
14 58 48 134
14 58 49 134
14 58 50 134
14 58 51 132
14 58 52 132
14 58 53 134
14 58 54 134
14 58 55 134
14 58 56 130
14 58 57 130
14 58 58 130
14 58 59 129
14 59 00 129
14 59 01 129
14 59 02 129
14 59 03 129
14 59 04 130
14 59 05 130
14 59 06 131
14 59 07 131
14 59 08 131
14 59 09 132
14 59 10 132
14 59 11 129
14 59 12 131
14 59 13 132
14 59 14 132
14 59 15 133
14 59 16 133
14 59 17 133
14 59 18 133
14 59 19 133
14 59 20 133
14 59 21 133
14 59 22 133
14 59 23 132
14 59 24 131
14 59 25 131
14 59 26 131
14 59 27 130
14 59 28 130
14 59 29 130
14 59 30 130
14 59 31 130
14 59 32 130
14 59 33 131
14 59 34 131
14 59 35 133
14 59 36 133
14 59 37 134
14 59 38 134
14 59 39 134
14 59 40 134
14 59 41 134
14 59 42 133
14 59 43 133
14 59 44 133
14 59 45 133
14 59 46 133
14 59 47 133
14 59 48 133
14 59 49 133
14 59 50 134
14 59 51 134
14 59 52 131
14 59 53 131
14 59 54 131
14 59 55 131
14 59 56 131
14 59 57 131
14 59 58 131
14 59 59 131
15 00 00 132
15 00 01 132
15 00 02 132
15 00 03 132
15 00 04 132
15 00 05 131
15 00 06 131
15 00 07 132
15 00 08 132
15 00 09 132
15 00 10 132
15 00 11 133
15 00 12 134
15 00 13 134
15 00 14 134
15 00 15 134
15 00 16 134
15 00 17 134
15 00 18 134
15 00 19 134
15 00 20 134
15 00 21 135
15 00 22 135
15 00 23 135
15 00 24 135
15 00 25 135
15 00 26 136
15 00 27 136
15 00 28 136
15 00 29 136
15 00 30 136
15 00 31 136
15 00 32 136
15 00 33 133
15 00 34 133
15 00 35 133
15 00 36 133
15 00 37 133
15 00 38 133
15 00 39 133
15 00 40 133
15 00 41 133
15 00 42 133
15 00 43 133
15 00 44 131
15 00 45 131
15 00 46 129
15 00 47 129
15 00 48 128
15 00 49 129
15 00 50 132
15 00 51 132
15 00 52 132
15 00 53 132
15 00 54 132
15 00 55 131
15 00 56 132
15 00 57 133
15 00 58 133
15 00 59 134
15 01 00 134
15 01 01 134
15 01 02 133
15 01 03 133
15 01 04 132
15 01 05 132
15 01 06 132
15 01 07 130
15 01 08 130
15 01 09 129
15 01 10 130
15 01 11 130
15 01 12 130
15 01 13 130
15 01 14 129
15 01 15 129
15 01 16 130
15 01 17 132
15 01 18 135
15 01 19 135
15 01 20 132
15 01 21 128
15 01 22 128
15 01 23 127
15 01 24 127
15 01 25 127
15 01 26 127
15 01 27 127
15 01 28 128
15 01 29 128
15 01 30 128
15 01 31 128
15 01 32 128
15 01 33 128
15 01 34 128
15 01 35 129
15 01 36 131
15 01 37 131
15 01 38 132
15 01 39 132
15 01 40 132
15 01 41 133
15 01 42 136
15 01 43 139
15 01 44 139
15 01 45 137
15 01 46 135
15 01 47 135
15 01 48 134
15 01 49 137
15 01 50 137
15 01 51 137
15 01 52 137
15 01 53 133
15 01 54 131
15 01 55 131
15 01 56 131
15 01 57 130
15 01 58 130
15 01 59 129
15 02 00 128
15 02 01 126
15 02 02 126
15 02 03 125
15 02 04 124
15 02 05 123
15 02 06 122
15 02 07 122
15 02 08 117
15 02 09 117
15 02 10 115
15 02 11 114
15 02 12 110
15 02 13 110
15 02 14 109
15 02 15 109
15 02 16 109
15 02 17 109
15 02 18 114
15 02 19 114
15 02 20 116
15 02 21 116
15 02 22 116
15 02 23 116
15 02 24 116
15 02 25 116
15 02 26 114
15 02 27 114
15 02 28 114
15 02 29 107
15 02 30 107
15 02 31 99
15 02 32 92
15 02 33 83
15 02 34 83
15 02 35 81
15 02 36 80
15 02 37 77
15 02 38 75
15 02 39 74
15 02 40 74
15 02 41 74
15 02 42 75
15 02 43 75
15 02 44 76
15 02 45 76
15 02 46 76
15 02 47 75
15 02 48 75
15 02 49 74
15 02 50 74
15 02 51 77
15 02 52 77
15 02 53 79
15 02 54 80
15 02 55 79
15 02 56 76
15 02 57 74
15 02 58 73
15 02 59 73
15 03 00 74
15 03 01 78
15 03 02 81
15 03 03 80
15 03 04 77
15 03 05 77
15 03 06 71
15 03 07 69
15 03 08 68
15 03 09 68
15 03 10 69
15 03 11 69
15 03 12 71
15 03 13 71
15 03 14 71
15 03 15 70
15 03 16 70
15 03 17 70
15 03 18 70
15 03 19 70
15 03 20 70
15 03 21 69
15 03 22 70
15 03 23 71
15 03 24 71
15 03 25 72
15 03 26 72
15 03 27 72
15 03 28 72
15 03 29 71
15 03 30 71
15 03 31 71
15 03 32 72
15 03 33 72
15 03 34 72
15 03 35 71
15 03 36 71
15 03 37 70
15 03 38 70
15 03 39 70
15 03 40 71
15 03 41 71
15 03 42 71
15 03 43 72
15 03 44 73
15 03 45 73
15 03 46 75
15 03 47 75
15 03 48 75
15 03 49 75
15 03 50 75
15 03 51 76
15 03 52 77
15 03 53 77
15 03 54 77
15 03 55 77
15 03 56 76
15 03 57 75
15 03 58 75
15 03 59 76
15 04 00 77
15 04 01 77
15 04 02 78
15 04 03 78
15 04 04 78
15 04 05 77
15 04 06 74
15 04 07 74
15 04 08 74
15 04 09 77
15 04 10 81
15 04 11 82
15 04 12 82
15 04 13 80
15 04 14 80
15 04 15 77
15 04 16 76
15 04 17 76
15 04 18 77
15 04 19 78
15 04 20 78
15 04 21 77
15 04 22 77
15 04 23 75
15 04 24 75
15 04 25 74
15 04 26 74
15 04 27 74
15 04 28 76
15 04 29 78
15 04 30 82
15 04 31 82
15 04 32 82
15 04 33 80
15 04 34 78
15 04 35 77
15 04 36 80
15 04 37 85
15 04 38 87
15 04 39 87
15 04 40 86
15 04 41 82
15 04 42 80
15 04 43 79
15 04 44 79
15 04 45 79
15 04 46 81
15 04 47 82
15 04 48 82
15 04 49 81
15 04 50 80
15 04 51 80
15 04 52 79
15 04 53 82
15 04 54 83
15 04 55 85
15 04 56 86
15 04 57 86
15 04 58 85
15 04 59 85
15 05 00 84
15 05 01 84
15 05 02 85
15 05 03 86
15 05 04 86
15 05 05 87
15 05 06 86
15 05 07 82
15 05 08 80
15 05 09 79
15 05 10 79
15 05 11 82
15 05 12 86
15 05 13 87
15 05 14 87
15 05 15 86
15 05 16 86
15 05 17 85
15 05 18 84
15 05 19 84
15 05 20 84
15 05 21 85
15 05 22 85
15 05 23 87
15 05 24 88
15 05 25 88
15 05 26 88
15 05 27 88
15 05 28 88
15 05 29 88
15 05 30 88
15 05 31 88
15 05 32 88
15 05 33 86
15 05 34 86
15 05 35 86
15 05 36 86
15 05 37 88
15 05 38 90
15 05 39 90
15 05 40 89
15 05 41 89
15 05 42 85
15 05 43 85
15 05 44 87
15 05 45 92
15 05 46 95
15 05 47 94
15 05 48 94
15 05 49 93
15 05 50 91
15 05 51 90
15 05 52 89
15 05 53 87
15 05 54 87
15 05 55 86
15 05 56 86
15 05 57 84
15 05 58 84
15 05 59 83
15 06 00 83
15 06 01 82
15 06 02 84
15 06 03 86
15 06 04 85
15 06 05 82
15 06 06 82
15 06 07 75
15 06 08 73
15 06 09 72
15 06 10 73
15 06 11 76
15 06 12 78
15 06 13 78
15 06 14 80
15 06 15 80
15 06 16 78
15 06 17 77
15 06 18 78
15 06 19 78
15 06 20 80
15 06 21 81
15 06 22 83
15 06 23 81
15 06 24 79
15 06 25 79
15 06 26 76
15 06 27 74
15 06 28 74
15 06 29 75
15 06 30 79
15 06 31 79
15 06 32 85
15 06 33 87
15 06 34 87
15 06 35 84
15 06 36 78
15 06 37 76
15 06 38 76
15 06 39 74
15 06 40 75
15 06 41 78
15 06 42 80
15 06 43 80
15 06 44 80
15 06 45 76
15 06 46 74
15 06 47 73
15 06 48 73
15 06 49 77
15 06 50 77
15 06 51 79
15 06 52 81
15 06 53 81
15 06 54 80
15 06 55 80
15 06 56 80
15 06 57 81
15 06 58 85
15 06 59 87
15 07 00 87
15 07 01 86
15 07 02 86
15 07 03 86
15 07 04 87
15 07 05 88
15 07 06 88
15 07 07 86
15 07 08 86
15 07 09 86
15 07 10 88
15 07 11 88
15 07 12 89
15 07 13 85
15 07 14 82
15 07 15 82
15 07 16 79
15 07 17 79
15 07 18 82
15 07 19 87
15 07 20 90
15 07 21 90
