11 06 28 78
11 06 29 75
11 06 30 74
11 06 31 72
11 06 32 72
11 06 33 72
11 06 34 71
11 06 35 75
11 06 36 83
11 06 37 86
11 06 38 87
11 06 39 87
11 06 40 87
11 06 41 87
11 06 42 79
11 06 43 75
11 06 44 72
11 06 45 72
11 06 46 72
11 06 47 73
11 06 48 73
11 06 49 73
11 06 50 71
11 06 51 71
11 06 52 70
11 06 53 70
11 06 54 71
11 06 55 72
11 06 56 72
11 06 57 72
11 06 58 73
11 06 59 72
11 07 00 71
11 07 01 70
11 07 02 71
11 07 03 74
11 07 04 74
11 07 05 75
11 07 06 75
11 07 07 74
11 07 08 73
11 07 09 71
11 07 10 71
11 07 11 70
11 07 12 70
11 07 13 70
11 07 14 70
11 07 15 70
11 07 16 70
11 07 17 69
11 07 18 69
11 07 19 69
11 07 20 69
11 07 21 69
11 07 22 69
11 07 23 69
11 07 24 69
11 07 25 77
11 07 26 76
11 07 27 73
11 07 28 69
11 07 29 69
11 07 30 66
11 07 31 64
11 07 32 64
11 07 33 64
11 07 34 64
11 07 35 64
11 07 36 64
11 07 37 64
11 07 38 64
11 07 39 64
11 07 40 64
11 07 41 64
11 07 42 64
11 07 43 64
11 07 44 64
11 07 45 64
11 07 46 64
11 07 47 64
11 07 48 64
11 07 49 64
11 07 50 64
11 07 51 64
11 07 52 64
11 07 53 64
11 07 54 64
11 07 55 64
11 07 56 65
11 07 57 65
11 07 58 65
11 07 59 65
11 08 00 65
11 08 01 65
11 08 02 65
11 08 03 65
11 08 04 65
11 08 05 62
11 08 06 62
11 08 07 65
11 08 08 67
11 08 09 68
11 08 10 66
11 08 11 66
11 08 12 66
11 08 13 66
11 08 14 66
11 08 15 66
11 08 16 66
11 08 17 66
11 08 18 66
11 08 19 66
11 08 20 66
11 08 21 66
11 08 22 66
11 08 23 66
11 08 24 66
11 08 25 66
11 08 26 66
11 08 27 66
11 08 28 66
11 08 29 66
11 08 30 66
11 08 31 66
11 08 32 66
11 08 33 66
11 08 34 66
11 08 35 66
11 08 36 66
11 08 37 66
11 08 38 66
11 08 39 66
11 08 40 66
11 08 41 66
11 08 42 66
11 08 43 66
11 08 44 66
11 08 45 66
11 08 46 66
11 08 47 66
11 08 48 66
11 08 49 66
11 08 50 66
11 08 51 66
11 08 52 66
11 08 53 66
11 08 54 66
11 08 55 66
11 08 56 66
11 08 57 66
11 08 58 66
11 08 59 66
11 09 00 66
11 09 01 66
11 09 02 66
11 09 03 66
11 09 04 66
11 09 05 66
11 09 06 66
11 09 07 66
11 09 08 66
11 09 09 66
11 09 10 66
11 09 11 66
11 09 12 66
11 09 13 66
11 09 14 66
11 09 15 66
11 09 16 66
11 09 17 66
11 09 18 66
11 09 19 66
11 09 20 66
11 09 21 66
11 09 22 65
11 09 23 64
11 09 24 61
11 09 25 60
11 09 26 59
11 09 27 59
11 09 28 60
11 09 29 62
11 09 30 62
11 09 31 62
11 09 32 61
11 09 33 61
11 09 34 61
11 09 35 61
11 09 36 61
11 09 37 61
11 09 38 61
11 09 39 63
11 09 40 63
11 09 41 63
11 09 42 63
11 09 43 63
11 09 44 63
11 09 45 63
11 09 46 63
11 09 47 63
11 09 48 63
11 09 49 63
11 09 50 63
11 09 51 63
11 09 52 63
11 09 53 63
11 09 54 63
11 09 55 63
11 09 56 63
11 09 57 63
11 09 58 63
11 09 59 63
11 10 00 63
11 10 01 63
11 10 02 63
11 10 03 68
11 10 04 68
11 10 05 68
11 10 06 68
11 10 07 66
11 10 08 62
11 10 09 61
11 10 10 61
11 10 11 61
11 10 12 62
11 10 13 63
11 10 14 64
11 10 15 64
11 10 16 64
11 10 17 64
11 10 18 64
11 10 19 64
11 10 20 64
11 10 21 65
11 10 22 65
11 10 23 68
11 10 24 68
11 10 25 68
11 10 26 68
11 10 27 67
11 10 28 67
11 10 29 67
11 10 30 67
11 10 31 67
11 10 32 67
11 10 33 67
11 10 34 66
11 10 35 66
11 10 36 66
11 10 37 66
11 10 38 66
11 10 39 66
11 10 40 63
11 10 41 62
11 10 42 62
11 10 43 63
11 10 44 66
11 10 45 68
11 10 46 69
11 10 47 68
11 10 48 67
11 10 49 67
11 10 50 66
11 10 51 66
11 10 52 67
11 10 53 68
11 10 54 69
11 10 55 69
11 10 56 69
11 10 57 70
11 10 58 70
11 10 59 70
11 11 00 69
11 11 01 69
11 11 02 69
11 11 03 70
11 11 04 71
11 11 05 72
11 11 06 72
11 11 07 72
11 11 08 72
11 11 09 69
11 11 10 68
11 11 11 68
11 11 12 70
11 11 13 70
11 11 14 70
11 11 15 70
11 11 16 70
11 11 17 70
11 11 18 78
11 11 19 79
11 11 20 79
11 11 21 79
11 11 22 79
11 11 23 81
11 11 24 81
11 11 25 78
11 11 26 78
11 11 27 78
11 11 28 78
11 11 29 72
11 11 30 72
11 11 31 72
11 11 32 72
11 11 33 72
11 11 34 71
11 11 35 71
11 11 36 69
11 11 37 69
11 11 38 68
11 11 39 68
11 11 40 69
11 11 41 69
11 11 42 69
11 11 43 69
11 11 44 69
11 11 45 69
11 11 46 69
11 11 47 69
11 11 48 67
11 11 49 67
11 11 50 69
11 11 51 69
11 11 52 69
11 11 53 71
11 11 54 69
11 11 55 69
11 11 56 68
11 11 57 68
11 11 58 68
11 11 59 68
11 12 00 68
11 12 01 68
11 12 02 68
11 12 03 67
11 12 04 67
11 12 05 66
11 12 06 65
11 12 07 66
11 12 08 67
11 12 09 70
11 12 10 70
11 12 11 72
11 12 12 72
11 12 13 69
11 12 14 69
11 12 15 64
11 12 16 64
11 12 17 65
11 12 18 66
11 12 19 68
11 12 20 71
11 12 21 71
11 12 22 71
11 12 23 70
11 12 24 69
11 12 25 71
11 12 26 71
11 12 27 71
11 12 28 75
11 12 29 75
11 12 30 81
11 12 31 84
11 12 32 85
11 12 33 88
11 12 34 94
11 12 35 94
11 12 36 98
11 12 37 100
11 12 38 102
11 12 39 104
11 12 40 104
11 12 41 104
11 12 42 102
11 12 43 101
11 12 44 96
11 12 45 92
11 12 46 89
11 12 47 89
11 12 48 88
11 12 49 86
11 12 50 87
11 12 51 89
11 12 52 89
11 12 53 89
11 12 54 89
11 12 55 89
11 12 56 88
11 12 57 87
11 12 58 85
11 12 59 84
11 13 00 84
11 13 01 84
11 13 02 83
11 13 03 84
11 13 04 84
11 13 05 86
11 13 06 86
11 13 07 88
11 13 08 88
11 13 09 88
11 13 10 89
11 13 11 88
11 13 12 88
11 13 13 88
11 13 14 88
11 13 15 88
11 13 16 89
11 13 17 90
11 13 18 89
11 13 19 89
11 13 20 88
11 13 21 86
11 13 22 86
11 13 23 86
11 13 24 86
11 13 25 86
11 13 26 86
11 13 27 87
11 13 28 88
11 13 29 87
11 13 30 87
11 13 31 87
11 13 32 86
11 13 33 86
11 13 34 88
11 13 35 88
11 13 36 87
11 13 37 87
11 13 38 87
11 13 39 88
11 13 40 89
11 13 41 90
11 13 42 89
11 13 43 87
11 13 44 87
11 13 45 86
11 13 46 88
11 13 47 90
11 13 48 91
11 13 49 91
11 13 50 91
11 13 51 88
11 13 52 87
11 13 53 87
11 13 54 88
11 13 55 90
11 13 56 90
11 13 57 92
11 13 58 94
11 13 59 95
11 14 00 93
11 14 01 89
11 14 02 89
11 14 03 87
11 14 04 84
11 14 05 84
11 14 06 86
11 14 07 87
11 14 08 88
11 14 09 88
11 14 10 89
11 14 11 91
11 14 12 92
11 14 13 91
11 14 14 88
11 14 15 88
11 14 16 86
11 14 17 86
11 14 18 87
11 14 19 88
11 14 20 87
11 14 21 87
11 14 22 87
11 14 23 86
11 14 24 85
11 14 25 85
11 14 26 83
11 14 27 83
11 14 28 84
11 14 29 84
11 14 30 84
11 14 31 84
11 14 32 83
11 14 33 81
11 14 34 81
11 14 35 82
11 14 36 83
11 14 37 86
11 14 38 88
11 14 39 89
11 14 40 89
11 14 41 89
11 14 42 89
11 14 43 87
11 14 44 84
11 14 45 84
11 14 46 84
11 14 47 84
11 14 48 86
11 14 49 88
11 14 50 89
11 14 51 89
11 14 52 89
11 14 53 85
11 14 54 84
11 14 55 84
11 14 56 86
11 14 57 89
11 14 58 92
11 14 59 92
11 15 00 93
11 15 01 94
11 15 02 93
11 15 03 91
11 15 04 89
11 15 05 89
11 15 06 89
11 15 07 89
11 15 08 90
11 15 09 91
11 15 10 92
11 15 11 92
11 15 12 92
11 15 13 90
11 15 14 87
11 15 15 85
11 15 16 83
11 15 17 83
11 15 18 83
11 15 19 84
11 15 20 85
11 15 21 87
11 15 22 87
11 15 23 87
11 15 24 87
11 15 25 86
11 15 26 86
11 15 27 87
11 15 28 87
11 15 29 88
11 15 30 88
11 15 31 89
11 15 32 91
11 15 33 92
11 15 34 93
11 15 35 93
11 15 36 93
11 15 37 93
11 15 38 98
11 15 39 98
11 15 40 97
11 15 41 97
11 15 42 97
11 15 43 97
11 15 44 98
11 15 45 98
11 15 46 97
11 15 47 94
11 15 48 92
11 15 49 92
11 15 50 88
11 15 51 87
11 15 52 88
11 15 53 88
11 15 54 86
11 15 55 86
11 15 56 84
11 15 57 83
11 15 58 84
11 15 59 86
11 16 00 88
11 16 01 88
11 16 02 88
11 16 03 88
11 16 04 87
11 16 05 88
11 16 06 88
11 16 07 88
11 16 08 89
11 16 09 90
11 16 10 92
11 16 11 93
11 16 12 94
11 16 13 95
11 16 14 95
11 16 15 95
11 16 16 93
11 16 17 91
11 16 18 90
11 16 19 90
11 16 20 90
11 16 21 90
11 16 22 91
11 16 23 91
11 16 24 91
11 16 25 91
11 16 26 91
11 16 27 89
11 16 28 87
11 16 29 86
11 16 30 85
11 16 31 86
11 16 32 86
11 16 33 88
11 16 34 89
11 16 35 89
11 16 36 89
11 16 37 89
11 16 38 89
11 16 39 89
11 16 40 90
11 16 41 90
11 16 42 90
11 16 43 92
11 16 44 93
11 16 45 93
11 16 46 94
11 16 47 95
11 16 48 95
11 16 49 95
11 16 50 94
11 16 51 94
11 16 52 92
11 16 53 90
11 16 54 89
11 16 55 90
11 16 56 90
11 16 57 90
11 16 58 91
11 16 59 91
11 17 00 89
11 17 01 87
11 17 02 85
11 17 03 85
11 17 04 85
11 17 05 85
11 17 06 86
11 17 07 89
11 17 08 89
11 17 09 88
11 17 10 88
11 17 11 87
11 17 12 87
11 17 13 87
11 17 14 88
11 17 15 89
11 17 16 89
11 17 17 88
11 17 18 87
11 17 19 86
11 17 20 86
11 17 21 86
11 17 22 86
11 17 23 86
11 17 24 85
11 17 25 84
11 17 26 85
11 17 27 84
11 17 28 82
11 17 29 82
11 17 30 83
11 17 31 86
11 17 32 87
11 17 33 87
11 17 34 88
11 17 35 88
11 17 36 89
11 17 37 89
11 17 38 88
11 17 39 86
11 17 40 85
11 17 41 85
11 17 42 83
11 17 43 80
11 17 44 77
11 17 45 74
11 17 46 69
11 17 47 69
11 17 48 69
11 17 49 69
11 17 50 69
11 17 51 69
11 17 52 76
11 17 53 73
11 17 54 73
11 17 55 69
11 17 56 69
11 17 57 71
11 17 58 71
11 17 59 71
11 18 00 71
11 18 01 71
11 18 02 71
11 18 03 75
11 18 04 75
11 18 05 81
11 18 06 81
11 18 07 81
11 18 08 81
11 18 09 81
11 18 10 81
11 18 11 86
11 18 12 86
11 18 13 86
11 18 14 91
11 18 15 91
11 18 16 92
11 18 17 92
11 18 18 92
11 18 19 92
11 18 20 92
11 18 21 92
11 18 22 92
11 18 23 92
11 18 24 92
11 18 25 92
11 18 26 92
11 18 27 92
11 18 28 92
11 18 29 89
11 18 30 80
11 18 31 80
11 18 32 75
11 18 33 74
11 18 34 74
11 18 35 73
11 18 36 69
11 18 37 69
11 18 38 68
11 18 39 67
11 18 40 66
11 18 41 65
11 18 42 66
11 18 43 67
11 18 44 67
11 18 45 67
11 18 46 67
11 18 47 67
11 18 48 67
11 18 49 67
11 18 50 67
11 18 51 67
11 18 52 68
11 18 53 70
11 18 54 71
11 18 55 71
11 18 56 71
11 18 57 66
11 18 58 65
11 18 59 65
11 19 00 69
11 19 01 74
11 19 02 74
11 19 03 77
11 19 04 83
11 19 05 83
11 19 06 81
11 19 07 77
11 19 08 75
11 19 09 75
11 19 10 73
11 19 11 72
11 19 12 72
11 19 13 71
11 19 14 69
11 19 15 69
11 19 16 66
11 19 17 66
11 19 18 67
11 19 19 67
11 19 20 67
11 19 21 67
11 19 22 67
11 19 23 67
11 19 24 68
11 19 25 70
11 19 26 70
11 19 27 70
11 19 28 70
11 19 29 70
11 19 30 70
11 19 31 69
11 19 32 69
11 19 33 69
11 19 34 69
11 19 35 69
11 19 36 69
11 19 37 68
11 19 38 67
11 19 39 67
11 19 40 67
11 19 41 67
11 19 42 67
11 19 43 67
11 19 44 67
11 19 45 66
11 19 46 66
11 19 47 67
11 19 48 68
11 19 49 68
11 19 50 66
11 19 51 65
11 19 52 65
11 19 53 63
11 19 54 63
11 19 55 63
11 19 56 64
11 19 57 66
11 19 58 66
11 19 59 66
11 20 00 67
11 20 01 67
11 20 02 67
11 20 03 66
11 20 04 66
11 20 05 66
11 20 06 67
11 20 07 68
11 20 08 68
11 20 09 68
11 20 10 66
11 20 11 66
11 20 12 66
11 20 13 65
11 20 14 66
11 20 15 66
11 20 16 67
11 20 17 67
11 20 18 67
11 20 19 66
11 20 20 66
11 20 21 65
11 20 22 65
11 20 23 64
11 20 24 64
11 20 25 64
11 20 26 64
11 20 27 64
11 20 28 64
11 20 29 64
11 20 30 64
11 20 31 64
11 20 32 64
11 20 33 64
11 20 34 64
11 20 35 64
11 20 36 64
11 20 37 64
11 20 38 63
11 20 39 65
11 20 40 67
11 20 41 69
11 20 42 69
11 20 43 69
11 20 44 68
11 20 45 68
11 20 46 66
11 20 47 66
11 20 48 66
11 20 49 66
11 20 50 65
11 20 51 66
11 20 52 67
11 20 53 67
11 20 54 70
11 20 55 70
11 20 56 68
11 20 57 65
11 20 58 63
11 20 59 62
11 21 00 61
11 21 01 61
11 21 02 61
11 21 03 62
11 21 04 63
11 21 05 64
11 21 06 64
11 21 07 64
11 21 08 63
11 21 09 62
11 21 10 61
11 21 11 60
11 21 12 60
11 21 13 60
11 21 14 60
11 21 15 60
11 21 16 68
11 21 17 72
11 21 18 75
11 21 19 76
11 21 20 76
11 21 21 75
11 21 22 75
11 21 23 73
11 21 24 72
11 21 25 73
11 21 26 73
11 21 27 76
11 21 28 78
11 21 29 78
11 21 30 76
11 21 31 76
11 21 32 76
11 21 33 73
11 21 34 73
11 21 35 73
11 21 36 72
11 21 37 70
11 21 38 68
11 21 39 68
11 21 40 66
11 21 41 66
11 21 42 66
11 21 43 67
11 21 44 66
11 21 45 66
11 21 46 66
11 21 47 65
11 21 48 64
11 21 49 65
11 21 50 66
11 21 51 66
11 21 52 68
11 21 53 69
11 21 54 69
11 21 55 66
11 21 56 65
11 21 57 65
11 21 58 65
11 21 59 66
11 22 00 68
11 22 01 69
11 22 02 70
11 22 03 70
11 22 04 70
11 22 05 68
11 22 06 66
11 22 07 65
11 22 08 66
11 22 09 68
11 22 10 68
11 22 11 68
11 22 12 68
11 22 13 67
11 22 14 67
11 22 15 67
11 22 16 67
11 22 17 67
11 22 18 68
11 22 19 70
11 22 20 70
11 22 21 68
11 22 22 66
11 22 23 66
11 22 24 67
11 22 25 70
11 22 26 74
11 22 27 80
11 22 28 85
11 22 29 85
11 22 30 88
11 22 31 92
11 22 32 95
11 22 33 97
11 22 34 100
11 22 35 100
11 22 36 102
11 22 37 104
11 22 38 104
11 22 39 103
11 22 40 101
11 22 41 101
11 22 42 99
11 22 43 95
11 22 44 91
11 22 45 89
11 22 46 88
11 22 47 87
11 22 48 87
11 22 49 86
11 22 50 86
11 22 51 85
11 22 52 86
11 22 53 87
11 22 54 87
11 22 55 87
11 22 56 87
11 22 57 89
11 22 58 91
11 22 59 91
11 23 00 91
11 23 01 91
11 23 02 90
11 23 03 89
11 23 04 89
11 23 05 90
11 23 06 90
11 23 07 90
11 23 08 92
11 23 09 94
11 23 10 94
11 23 11 94
11 23 12 94
11 23 13 94
11 23 14 94
11 23 15 95
11 23 16 97
11 23 17 99
11 23 18 100
11 23 19 100
11 23 20 100
11 23 21 101
11 23 22 101
11 23 23 101
11 23 24 101
11 23 25 101
11 23 26 101
11 23 27 102
11 23 28 103
11 23 29 104
11 23 30 104
11 23 31 104
11 23 32 104
11 23 33 103
11 23 34 103
11 23 35 101
11 23 36 101
11 23 37 102
11 23 38 102
11 23 39 103
11 23 40 103
11 23 41 106
11 23 42 106
11 23 43 107
11 23 44 107
11 23 45 107
11 23 46 106
11 23 47 106
11 23 48 106
11 23 49 106
11 23 50 106
11 23 51 106
11 23 52 107
11 23 53 107
11 23 54 107
11 23 55 107
11 23 56 107
11 23 57 107
11 23 58 107
11 23 59 103
11 24 00 102
11 24 01 102
11 24 02 102
11 24 03 102
11 24 04 102
11 24 05 103
11 24 06 103
11 24 07 103
11 24 08 104
11 24 09 104
11 24 10 105
11 24 11 105
11 24 12 105
11 24 13 106
11 24 14 106
11 24 15 106
11 24 16 108
11 24 17 108
11 24 18 108
11 24 19 107
11 24 20 106
11 24 21 106
11 24 22 106
11 24 23 105
11 24 24 106
11 24 25 106
11 24 26 107
11 24 27 107
11 24 28 107
11 24 29 107
11 24 30 106
11 24 31 105
11 24 32 105
11 24 33 103
11 24 34 103
11 24 35 103
11 24 36 102
11 24 37 103
11 24 38 103
11 24 39 103
11 24 40 103
11 24 41 103
11 24 42 102
11 24 43 102
11 24 44 103
11 24 45 104
11 24 46 104
11 24 47 105
11 24 48 106
11 24 49 106
11 24 50 106
11 24 51 105
11 24 52 104
11 24 53 104
11 24 54 104
11 24 55 101
11 24 56 100
11 24 57 100
11 24 58 100
11 24 59 100
11 25 00 100
11 25 01 100
11 25 02 100
11 25 03 100
11 25 04 100
11 25 05 100
11 25 06 100
11 25 07 100
11 25 08 100
11 25 09 100
11 25 10 100
11 25 11 100
11 25 12 98
11 25 13 99
11 25 14 99
11 25 15 101
11 25 16 101
11 25 17 102
11 25 18 102
11 25 19 101
11 25 20 101
11 25 21 102
11 25 22 102
11 25 23 103
11 25 24 103
11 25 25 103
11 25 26 103
11 25 27 102
11 25 28 101
11 25 29 98
11 25 30 98
11 25 31 97
11 25 32 96
11 25 33 96
11 25 34 97
11 25 35 98
11 25 36 98
11 25 37 100
11 25 38 101
11 25 39 101
11 25 40 100
11 25 41 100
11 25 42 100
11 25 43 100
11 25 44 101
11 25 45 102
11 25 46 103
11 25 47 103
11 25 48 103
11 25 49 103
11 25 50 103
11 25 51 103
11 25 52 103
11 25 53 103
11 25 54 103
11 25 55 103
11 25 56 103
11 25 57 106
11 25 58 105
11 25 59 104
11 26 00 101
11 26 01 101
11 26 02 101
11 26 03 100
11 26 04 101
11 26 05 102
11 26 06 102
11 26 07 102
11 26 08 102
11 26 09 101
11 26 10 100
11 26 11 100
11 26 12 100
11 26 13 101
11 26 14 101
11 26 15 102
11 26 16 102
11 26 17 102
11 26 18 102
11 26 19 102
11 26 20 102
11 26 21 102
11 26 22 102
11 26 23 102
11 26 24 103
11 26 25 102
11 26 26 102
11 26 27 101
11 26 28 100
11 26 29 100
11 26 30 99
11 26 31 98
11 26 32 97
11 26 33 97
11 26 34 96
11 26 35 96
11 26 36 96
11 26 37 96
11 26 38 97
11 26 39 97
11 26 40 98
11 26 41 97
11 26 42 97
11 26 43 96
11 26 44 96
11 26 45 96
11 26 46 96
11 26 47 96
11 26 48 98
11 26 49 98
11 26 50 98
11 26 51 98
11 26 52 98
11 26 53 98
11 26 54 99
11 26 55 100
11 26 56 101
11 26 57 103
11 26 58 103
11 26 59 104
11 27 00 105
11 27 01 104
11 27 02 103
11 27 03 101
11 27 04 101
11 27 05 101
11 27 06 102
11 27 07 103
11 27 08 104
11 27 09 106
11 27 10 106
11 27 11 107
11 27 12 108
11 27 13 108
11 27 14 107
11 27 15 107
11 27 16 107
11 27 17 107
11 27 18 107
11 27 19 107
11 27 20 106
11 27 21 106
11 27 22 106
11 27 23 106
11 27 24 106
11 27 25 98
11 27 26 98
11 27 27 98
11 27 28 98
11 27 29 98
11 27 30 99
11 27 31 99
11 27 32 99
11 27 33 98
11 27 34 98
11 27 35 98
11 27 36 97
11 27 37 96
11 27 38 95
11 27 39 93
11 27 40 93
11 27 41 93
11 27 42 89
11 27 43 87
11 27 44 83
11 27 45 80
11 27 46 76
11 27 47 74
11 27 48 74
11 27 49 74
11 27 50 75
11 27 51 75
11 27 52 73
11 27 53 71
11 27 54 71
11 27 55 69
11 27 56 69
11 27 57 71
11 27 58 71
11 27 59 70
11 28 00 70
11 28 01 69
11 28 02 66
11 28 03 67
11 28 04 67
11 28 05 68
11 28 06 68
11 28 07 69
11 28 08 71
11 28 09 70
11 28 10 69
11 28 11 67
11 28 12 65
11 28 13 65
11 28 14 64
11 28 15 63
11 28 16 64
11 28 17 64
11 28 18 64
11 28 19 64
11 28 20 64
11 28 21 64
11 28 22 63
11 28 23 62
11 28 24 62
11 28 25 62
11 28 26 61
11 28 27 62
11 28 28 62
11 28 29 64
11 28 30 64
11 28 31 64
11 28 32 65
11 28 33 64
11 28 34 63
11 28 35 63
11 28 36 64
11 28 37 65
11 28 38 65
11 28 39 64
11 28 40 64
11 28 41 62
11 28 42 61
11 28 43 60
11 28 44 60
11 28 45 60
11 28 46 61
11 28 47 62
11 28 48 63
11 28 49 63
11 28 50 63
11 28 51 62
11 28 52 62
11 28 53 62
11 28 54 61
11 28 55 61
11 28 56 61
11 28 57 61
11 28 58 62
11 28 59 62
11 29 00 62
11 29 01 61
11 29 02 60
11 29 03 60
11 29 04 60
11 29 05 59
11 29 06 60
11 29 07 60
11 29 08 61
11 29 09 61
11 29 10 60
11 29 11 60
11 29 12 59
11 29 13 58
11 29 14 59
11 29 15 59
11 29 16 59
11 29 17 59
11 29 18 60
11 29 19 60
11 29 20 61
11 29 21 61
11 29 22 61
11 29 23 63
11 29 24 63
11 29 25 63
11 29 26 62
11 29 27 60
11 29 28 60
11 29 29 60
11 29 30 58
11 29 31 59
11 29 32 59
11 29 33 60
11 29 34 60
11 29 35 61
11 29 36 62
11 29 37 63
11 29 38 63
11 29 39 64
11 29 40 64
11 29 41 63
11 29 42 63
11 29 43 63
11 29 44 64
11 29 45 65
11 29 46 65
11 29 47 65
11 29 48 67
11 29 49 68
11 29 50 69
11 29 51 69
11 29 52 69
11 29 53 69
11 29 54 69
11 29 55 70
11 29 56 72
11 29 57 73
11 29 58 73
11 29 59 73
11 30 00 73
11 30 01 72
11 30 02 72
11 30 03 72
11 30 04 73
11 30 05 73
11 30 06 74
11 30 07 74
11 30 08 74
11 30 09 75
11 30 10 74
11 30 11 74
11 30 12 74
11 30 13 73
11 30 14 73
11 30 15 73
11 30 16 75
11 30 17 75
11 30 18 75
11 30 19 73
11 30 20 73
11 30 21 71
11 30 22 70
11 30 23 69
11 30 24 69
11 30 25 68
11 30 26 68
11 30 27 69
11 30 28 71
11 30 29 72
11 30 30 72
11 30 31 71
11 30 32 68
11 30 33 67
11 30 34 68
11 30 35 69
11 30 36 69
11 30 37 69
11 30 38 70
11 30 39 70
11 30 40 70
11 30 41 69
11 30 42 67
11 30 43 67
11 30 44 66
11 30 45 66
11 30 46 67
11 30 47 67
11 30 48 67
11 30 49 67
11 30 50 67
11 30 51 66
11 30 52 65
11 30 53 64
11 30 54 65
11 30 55 65
11 30 56 65
11 30 57 64
11 30 58 65
11 30 59 65
11 31 00 66
11 31 01 66
11 31 02 64
11 31 03 62
11 31 04 60
11 31 05 59
11 31 06 58
11 31 07 59
11 31 08 59
11 31 09 60
11 31 10 60
11 31 11 61
11 31 12 61
11 31 13 60
11 31 14 60
11 31 15 60
11 31 16 59
11 31 17 59
11 31 18 58
11 31 19 59
11 31 20 59
11 31 21 59
11 31 22 59
11 31 23 60
11 31 24 60
11 31 25 63
11 31 26 63
11 31 27 62
11 31 28 61
11 31 29 61
11 31 30 59
11 31 31 59
11 31 32 58
11 31 33 58
11 31 34 60
11 31 35 61
11 31 36 64
11 31 37 65
11 31 38 64
11 31 39 64
11 31 40 64
11 31 41 62
11 31 42 62
11 31 43 62
11 31 44 63
11 31 45 63
11 31 46 65
11 31 47 67
11 31 48 69
11 31 49 67
11 31 50 67
11 31 51 67
11 31 52 66
11 31 53 63
11 31 54 62
11 31 55 62
11 31 56 65
11 31 57 68
11 31 58 68
11 31 59 70
11 32 00 69
11 32 01 68
11 32 02 67
11 32 03 67
11 32 04 67
11 32 05 67
11 32 06 69
11 32 07 71
11 32 08 72
11 32 09 72
11 32 10 72
11 32 11 73
11 32 12 72
11 32 13 72
11 32 14 73
11 32 15 76
11 32 16 76
11 32 17 76
11 32 18 76
11 32 19 73
11 32 20 72
11 32 21 71
11 32 22 71
11 32 23 71
11 32 24 72
11 32 25 73
11 32 26 73
11 32 27 73
11 32 28 77
11 32 29 77
11 32 30 80
11 32 31 87
11 32 32 92
11 32 33 95
11 32 34 98
11 32 35 98
11 32 36 100
11 32 37 101
11 32 38 103
11 32 39 106
11 32 40 108
11 32 41 108
11 32 42 110
11 32 43 110
11 32 44 109
11 32 45 108
11 32 46 107
11 32 47 105
11 32 48 105
11 32 49 104
11 32 50 102
11 32 51 100
11 32 52 99
11 32 53 99
11 32 54 99
11 32 55 99
11 32 56 98
11 32 57 98
11 32 58 99
11 32 59 101
11 33 00 101
11 33 01 100
11 33 02 100
11 33 03 100
11 33 04 100
11 33 05 100
11 33 06 100
11 33 07 100
11 33 08 100
11 33 09 100
11 33 10 100
11 33 11 99
11 33 12 98
11 33 13 98
11 33 14 99
11 33 15 100
11 33 16 101
11 33 17 103
11 33 18 104
11 33 19 104
11 33 20 106
11 33 21 108
11 33 22 110
11 33 23 111
11 33 24 111
11 33 25 111
11 33 26 112
11 33 27 112
11 33 28 113
11 33 29 113
11 33 30 112
11 33 31 112
11 33 32 112
11 33 33 112
11 33 34 113
11 33 35 113
11 33 36 113
11 33 37 113
11 33 38 113
11 33 39 113
11 33 40 112
11 33 41 111
11 33 42 111
11 33 43 110
11 33 44 110
11 33 45 111
11 33 46 111
11 33 47 112
11 33 48 112
11 33 49 112
11 33 50 112
11 33 51 111
11 33 52 111
11 33 53 111
11 33 54 111
11 33 55 112
11 33 56 112
11 33 57 112
11 33 58 113
11 33 59 113
11 34 00 114
11 34 01 114
11 34 02 113
11 34 03 113
11 34 04 111
11 34 05 110
11 34 06 110
11 34 07 110
11 34 08 110
11 34 09 110
11 34 10 110
11 34 11 110
11 34 12 109
11 34 13 109
11 34 14 109
11 34 15 109
11 34 16 109
11 34 17 109
11 34 18 109
11 34 19 109
11 34 20 109
11 34 21 109
11 34 22 110
11 34 23 111
11 34 24 112
11 34 25 112
11 34 26 111
11 34 27 110
11 34 28 110
11 34 29 108
11 34 30 107
11 34 31 106
11 34 32 105
11 34 33 104
11 34 34 104
11 34 35 103
11 34 36 102
11 34 37 102
11 34 38 101
11 34 39 102
11 34 40 102
11 34 41 103
11 34 42 104
11 34 43 105
11 34 44 106
11 34 45 106
11 34 46 106
11 34 47 109
11 34 48 107
11 34 49 106
11 34 50 106
11 34 51 106
11 34 52 107
11 34 53 107
11 34 54 107
11 34 55 107
11 34 56 107
11 34 57 107
11 34 58 106
11 34 59 106
11 35 00 106
11 35 01 106
11 35 02 109
11 35 03 109
11 35 04 109
11 35 05 109
11 35 06 109
11 35 07 113
11 35 08 111
11 35 09 110
11 35 10 108
11 35 11 108
11 35 12 106
11 35 13 104
11 35 14 104
11 35 15 101
11 35 16 100
11 35 17 100
11 35 18 100
11 35 19 100
11 35 20 100
11 35 21 104
11 35 22 104
11 35 23 103
11 35 24 103
11 35 25 103
11 35 26 104
11 35 27 107
11 35 28 109
11 35 29 109
11 35 30 109
11 35 31 109
11 35 32 109
11 35 33 110
11 35 34 111
11 35 35 110
11 35 36 110
11 35 37 110
11 35 38 110
11 35 39 111
11 35 40 112
11 35 41 112
11 35 42 112
11 35 43 112
11 35 44 111
11 35 45 109
11 35 46 108
11 35 47 108
11 35 48 108
11 35 49 108
11 35 50 107
11 35 51 106
11 35 52 105
11 35 53 103
11 35 54 103
11 35 55 103
11 35 56 103
11 35 57 104
11 35 58 105
11 35 59 105
11 36 00 106
11 36 01 106
11 36 02 107
11 36 03 108
11 36 04 110
11 36 05 110
11 36 06 112
11 36 07 112
11 36 08 112
11 36 09 112
11 36 10 112
11 36 11 111
11 36 12 110
11 36 13 109
11 36 14 109
11 36 15 108
11 36 16 109
11 36 17 110
11 36 18 111
11 36 19 112
11 36 20 112
11 36 21 113
11 36 22 113
11 36 23 113
11 36 24 111
11 36 25 111
11 36 26 111
11 36 27 111
11 36 28 112
11 36 29 112
11 36 30 112
11 36 31 111
11 36 32 111
11 36 33 111
11 36 34 111
11 36 35 111
11 36 36 111
11 36 37 112
11 36 38 112
11 36 39 112
11 36 40 111
11 36 41 110
11 36 42 109
11 36 43 109
11 36 44 111
11 36 45 111
11 36 46 112
11 36 47 113
11 36 48 114
11 36 49 115
11 36 50 115
11 36 51 115
11 36 52 115
11 36 53 114
11 36 54 113
11 36 55 113
11 36 56 113
11 36 57 112
11 36 58 112
11 36 59 113
11 37 00 112
11 37 01 110
11 37 02 109
11 37 03 109
11 37 04 109
11 37 05 109
11 37 06 110
11 37 07 111
11 37 08 110
11 37 09 110
11 37 10 110
11 37 11 109
11 37 12 108
11 37 13 108
11 37 14 109
11 37 15 109
11 37 16 109
11 37 17 109
11 37 18 109
11 37 19 110
11 37 20 111
11 37 21 112
11 37 22 112
11 37 23 112
11 37 24 112
11 37 25 111
11 37 26 111
11 37 27 114
11 37 28 113
11 37 29 113
11 37 30 113
11 37 31 112
11 37 32 110
11 37 33 106
11 37 34 101
11 37 35 101
11 37 36 97
11 37 37 97
11 37 38 95
11 37 39 93
11 37 40 90
11 37 41 90
11 37 42 88
11 37 43 85
11 37 44 83
11 37 45 83
11 37 46 84
11 37 47 84
11 37 48 84
11 37 49 84
11 37 50 84
11 37 51 82
11 37 52 81
11 37 53 78
11 37 54 78
11 37 55 76
11 37 56 73
11 37 57 73
11 37 58 76
11 37 59 79
11 38 00 79
11 38 01 79
11 38 02 79
11 38 03 78
11 38 04 74
11 38 05 72
11 38 06 72
11 38 07 72
11 38 08 73
11 38 09 78
11 38 10 80
11 38 11 80
11 38 12 79
11 38 13 79
11 38 14 74
11 38 15 72
11 38 16 72
11 38 17 73
11 38 18 73
11 38 19 73
11 38 20 73
11 38 21 73
11 38 22 76
11 38 23 76
11 38 24 76
11 38 25 76
11 38 26 69
11 38 27 69
11 38 28 70
11 38 29 69
11 38 30 69
11 38 31 69
11 38 32 73
11 38 33 76
11 38 34 85
11 38 35 90
11 38 36 90
11 38 37 90
11 38 38 90
11 38 39 80
11 38 40 80
11 38 41 80
11 38 42 78
11 38 43 76
11 38 44 76
11 38 45 72
11 38 46 72
11 38 47 74
11 38 48 74
11 38 49 74
11 38 50 74
11 38 51 74
11 38 52 64
11 38 53 63
11 38 54 62
11 38 55 66
11 38 56 66
11 38 57 69
11 38 58 74
11 38 59 76
11 39 00 77
11 39 01 77
11 39 02 77
11 39 03 77
11 39 04 77
11 39 05 73
11 39 06 71
11 39 07 71
11 39 08 71
11 39 09 71
11 39 10 70
11 39 11 68
11 39 12 66
11 39 13 66
11 39 14 66
11 39 15 66
11 39 16 68
11 39 17 68
11 39 18 68
11 39 19 66
11 39 20 66
11 39 21 66
11 39 22 66
11 39 23 66
11 39 24 67
11 39 25 68
11 39 26 70
11 39 27 75
11 39 28 75
11 39 29 76
11 39 30 74
11 39 31 69
11 39 32 69
11 39 33 67
11 39 34 67
11 39 35 68
11 39 36 68
11 39 37 68
11 39 38 66
11 39 39 66
11 39 40 66
11 39 41 66
11 39 42 67
11 39 43 67
11 39 44 67
11 39 45 67
11 39 46 67
11 39 47 67
11 39 48 67
11 39 49 67
11 39 50 66
11 39 51 67
11 39 52 66
11 39 53 66
11 39 54 66
11 39 55 66
11 39 56 69
11 39 57 70
11 39 58 70
11 39 59 70
11 40 00 68
11 40 01 68
11 40 02 68
11 40 03 67
11 40 04 66
11 40 05 66
11 40 06 66
11 40 07 65
11 40 08 65
11 40 09 65
11 40 10 67
11 40 11 67
11 40 12 68
11 40 13 68
11 40 14 67
11 40 15 67
11 40 16 66
11 40 17 64
11 40 18 64
11 40 19 64
11 40 20 64
11 40 21 64
11 40 22 64
11 40 23 64
11 40 24 64
11 40 25 64
11 40 26 63
11 40 27 62
11 40 28 62
11 40 29 62
11 40 30 62
11 40 31 62
11 40 32 62
11 40 33 61
11 40 34 60
11 40 35 59
11 40 36 59
11 40 37 60
11 40 38 60
11 40 39 60
11 40 40 59
11 40 41 59
11 40 42 60
11 40 43 60
11 40 44 60
11 40 45 61
11 40 46 61
11 40 47 61
11 40 48 60
11 40 49 60
11 40 50 60
11 40 51 60
11 40 52 62
11 40 53 63
11 40 54 65
11 40 55 65
11 40 56 64
11 40 57 62
11 40 58 61
11 40 59 59
11 41 00 57
11 41 01 57
11 41 02 57
11 41 03 58
11 41 04 60
11 41 05 61
11 41 06 63
11 41 07 63
11 41 08 63
11 41 09 63
11 41 10 65
11 41 11 67
11 41 12 68
11 41 13 66
11 41 14 66
11 41 15 66
11 41 16 65
11 41 17 68
11 41 18 68
11 41 19 68
11 41 20 68
11 41 21 68
11 41 22 67
11 41 23 67
11 41 24 66
11 41 25 67
11 41 26 67
11 41 27 67
11 41 28 67
11 41 29 67
11 41 30 69
11 41 31 68
11 41 32 68
11 41 33 68
11 41 34 67
11 41 35 67
11 41 36 66
11 41 37 65
11 41 38 64
11 41 39 64
11 41 40 65
11 41 41 69
11 41 42 70
11 41 43 70
11 41 44 68
11 41 45 68
11 41 46 64
11 41 47 62
11 41 48 61
11 41 49 60
11 41 50 60
11 41 51 60
11 41 52 60
11 41 53 60
11 41 54 60
11 41 55 67
11 41 56 69
11 41 57 69
11 41 58 69
11 41 59 67
11 42 00 66
11 42 01 66
11 42 02 66
11 42 03 67
11 42 04 67
11 42 05 70
11 42 06 71
11 42 07 71
11 42 08 73
11 42 09 73
11 42 10 73
11 42 11 72
11 42 12 72
11 42 13 73
11 42 14 73
11 42 15 75
11 42 16 75
11 42 17 75
11 42 18 77
11 42 19 79
11 42 20 80
11 42 21 78
11 42 22 77
11 42 23 77
11 42 24 75
11 42 25 75
11 42 26 77
11 42 27 78
11 42 28 79
11 42 29 79
11 42 30 82
11 42 31 87
11 42 32 91
11 42 33 93
11 42 34 94
11 42 35 94
11 42 36 95
11 42 37 97
11 42 38 100
11 42 39 103
11 42 40 106
11 42 41 106
11 42 42 108
11 42 43 110
11 42 44 113
11 42 45 115
11 42 46 115
11 42 47 115
11 42 48 115
11 42 49 115
11 42 50 115
11 42 51 115
11 42 52 114
11 42 53 113
11 42 54 113
11 42 55 112
11 42 56 111
11 42 57 110
11 42 58 110
11 42 59 110
11 43 00 110
11 43 01 110
11 43 02 111
11 43 03 113
11 43 04 114
11 43 05 114
11 43 06 114
11 43 07 115
11 43 08 116
11 43 09 116
11 43 10 116
11 43 11 117
11 43 12 117
11 43 13 117
11 43 14 117
11 43 15 117
11 43 16 118
11 43 17 118
11 43 18 119
11 43 19 119
11 43 20 120
11 43 21 121
11 43 22 121
11 43 23 121
11 43 24 122
11 43 25 122
11 43 26 122
11 43 27 123
11 43 28 123
11 43 29 123
11 43 30 124
11 43 31 124
11 43 32 124
11 43 33 123
11 43 34 124
11 43 35 123
11 43 36 123
11 43 37 123
11 43 38 123
11 43 39 123
11 43 40 123
11 43 41 123
11 43 42 122
11 43 43 122
11 43 44 122
11 43 45 122
11 43 46 122
11 43 47 122
11 43 48 122
11 43 49 122
11 43 50 122
11 43 51 122
11 43 52 123
11 43 53 123
11 43 54 123
11 43 55 124
11 43 56 124
11 43 57 124
11 43 58 125
11 43 59 124
11 44 00 124
11 44 01 124
11 44 02 123
11 44 03 123
11 44 04 123
11 44 05 123
11 44 06 123
11 44 07 123
11 44 08 124
11 44 09 124
11 44 10 124
11 44 11 124
11 44 12 125
11 44 13 124
11 44 14 124
11 44 15 124
11 44 16 123
11 44 17 123
11 44 18 123
11 44 19 123
11 44 20 123
11 44 21 123
11 44 22 123
11 44 23 123
11 44 24 123
11 44 25 123
11 44 26 123
11 44 27 123
11 44 28 123
11 44 29 123
11 44 30 123
11 44 31 120
11 44 32 117
11 44 33 118
11 44 34 118
11 44 35 118
11 44 36 119
11 44 37 120
11 44 38 122
11 44 39 123
11 44 40 123
11 44 41 124
11 44 42 126
11 44 43 126
11 44 44 128
11 44 45 129
11 44 46 129
11 44 47 129
11 44 48 130
11 44 49 131
11 44 50 130
11 44 51 131
11 44 52 131
11 44 53 131
11 44 54 131
11 44 55 131
11 44 56 131
11 44 57 131
11 44 58 131
11 44 59 131
11 45 00 131
11 45 01 131
11 45 02 132
11 45 03 132
11 45 04 133
11 45 05 133
11 45 06 132
11 45 07 131
11 45 08 130
11 45 09 129
11 45 10 127
11 45 11 127
11 45 12 126
11 45 13 126
11 45 14 125
11 45 15 125
11 45 16 125
11 45 17 126
11 45 18 126
11 45 19 127
11 45 20 128
11 45 21 128
11 45 22 129
11 45 23 129
11 45 24 129
11 45 25 129
11 45 26 128
11 45 27 127
11 45 28 127
11 45 29 127
11 45 30 127
11 45 31 127
11 45 32 126
11 45 33 125
11 45 34 124
11 45 35 124
11 45 36 124
11 45 37 124
11 45 38 125
11 45 39 125
11 45 40 125
11 45 41 125
11 45 42 126
11 45 43 126
11 45 44 126
11 45 45 128
11 45 46 128
11 45 47 129
11 45 48 128
11 45 49 128
11 45 50 127
11 45 51 126
11 45 52 126
11 45 53 126
11 45 54 126
11 45 55 126
11 45 56 127
11 45 57 127
11 45 58 127
11 45 59 126
11 46 00 125
11 46 01 125
11 46 02 125
11 46 03 125
11 46 04 125
11 46 05 125
11 46 06 125
11 46 07 126
11 46 08 126
11 46 09 126
11 46 10 126
11 46 11 124
11 46 12 124
11 46 13 125
11 46 14 125
11 46 15 125
11 46 16 127
11 46 17 128
11 46 18 129
11 46 19 131
11 46 20 131
11 46 21 131
11 46 22 131
11 46 23 132
11 46 24 133
11 46 25 132
11 46 26 132
11 46 27 131
11 46 28 130
11 46 29 129
11 46 30 128
11 46 31 128
11 46 32 127
11 46 33 127
11 46 34 128
11 46 35 128
11 46 36 129
11 46 37 130
11 46 38 131
11 46 39 131
11 46 40 131
11 46 41 130
11 46 42 132
11 46 43 133
11 46 44 133
11 46 45 133
11 46 46 133
11 46 47 132
11 46 48 133
11 46 49 132
11 46 50 132
11 46 51 132
11 46 52 131
11 46 53 131
11 46 54 130
11 46 55 129
11 46 56 128
11 46 57 128
11 46 58 128
11 46 59 127
11 47 00 127
11 47 01 127
11 47 02 127
11 47 03 127
11 47 04 127
11 47 05 127
11 47 06 126
11 47 07 124
11 47 08 122
11 47 09 122
11 47 10 122
11 47 11 122
11 47 12 122
11 47 13 123
11 47 14 123
11 47 15 123
11 47 16 123
11 47 17 123
11 47 18 124
11 47 19 124
11 47 20 125
11 47 21 126
11 47 22 127
11 47 23 127
11 47 24 128
11 47 25 126
11 47 26 126
11 47 27 121
11 47 28 121
11 47 29 121
11 47 30 120
11 47 31 118
11 47 32 115
11 47 33 116
11 47 34 117
11 47 35 117
11 47 36 118
11 47 37 119
11 47 38 117
11 47 39 114
11 47 40 111
11 47 41 111
11 47 42 107
11 47 43 107
11 47 44 103
11 47 45 97
11 47 46 94
11 47 47 92
11 47 48 92
11 47 49 90
11 47 50 88
11 47 51 85
11 47 52 82
11 47 53 83
11 47 54 83
11 47 55 83
11 47 56 84
11 47 57 83
11 47 58 83
11 47 59 82
11 48 00 82
11 48 01 81
11 48 02 80
11 48 03 78
11 48 04 78
11 48 05 79
11 48 06 79
11 48 07 80
11 48 08 79
11 48 09 76
11 48 10 76
11 48 11 75
11 48 12 75
11 48 13 75
11 48 14 75
11 48 15 73
11 48 16 73
11 48 17 73
11 48 18 73
11 48 19 73
11 48 20 71
11 48 21 68
11 48 22 67
11 48 23 67
11 48 24 69
11 48 25 69
11 48 26 71
11 48 27 70
11 48 28 69
11 48 29 67
11 48 30 67
11 48 31 67
11 48 32 69
11 48 33 70
11 48 34 70
11 48 35 69
11 48 36 72
11 48 37 71
11 48 38 71
11 48 39 70
11 48 40 69
11 48 41 78
11 48 42 82
11 48 43 82
11 48 44 82
11 48 45 82
11 48 46 82
11 48 47 87
11 48 48 89
11 48 49 88
11 48 50 88
11 48 51 88
11 48 52 88
11 48 53 88
11 48 54 84
11 48 55 78
11 48 56 78
11 48 57 73
11 48 58 70
11 48 59 66
11 49 00 65
11 49 01 64
11 49 02 64
11 49 03 64
11 49 04 64
11 49 05 65
11 49 06 65
11 49 07 66
11 49 08 65
11 49 09 65
11 49 10 65
11 49 11 64
11 49 12 65
11 49 13 66
11 49 14 66
11 49 15 66
11 49 16 67
11 49 17 66
11 49 18 66
11 49 19 66
11 49 20 67
11 49 21 67
11 49 22 68
11 49 23 68
11 49 24 66
11 49 25 64
11 49 26 63
11 49 27 61
11 49 28 61
11 49 29 62
11 49 30 62
11 49 31 66
11 49 32 67
11 49 33 68
11 49 34 68
11 49 35 66
11 49 36 66
11 49 37 66
11 49 38 69
11 49 39 69
11 49 40 69
11 49 41 70
11 49 42 69
11 49 43 68
11 49 44 68
11 49 45 69
11 49 46 69
11 49 47 71
11 49 48 72
11 49 49 71
11 49 50 72
11 49 51 72
11 49 52 72
11 49 53 72
11 49 54 72
11 49 55 72
11 49 56 72
11 49 57 71
11 49 58 69
11 49 59 69
11 50 00 69
11 50 01 71
11 50 02 71
11 50 03 71
11 50 04 70
11 50 05 70
11 50 06 70
11 50 07 70
11 50 08 70
11 50 09 71
11 50 10 70
11 50 11 70
11 50 12 69
11 50 13 69
11 50 14 70
11 50 15 70
11 50 16 71
11 50 17 71
11 50 18 71
11 50 19 72
11 50 20 73
11 50 21 73
11 50 22 74
11 50 23 76
11 50 24 76
11 50 25 76
11 50 26 75
11 50 27 74
11 50 28 74
11 50 29 74
11 50 30 74
11 50 31 75
11 50 32 75
11 50 33 75
11 50 34 75
11 50 35 76
11 50 36 76
11 50 37 76
11 50 38 77
11 50 39 78
11 50 40 77
11 50 41 76
11 50 42 74
11 50 43 74
11 50 44 72
11 50 45 72
11 50 46 74
11 50 47 74
11 50 48 74
11 50 49 74
11 50 50 78
11 50 51 78
11 50 52 74
11 50 53 72
11 50 54 73
11 50 55 73
11 50 56 80
11 50 57 83
11 50 58 83
11 50 59 83
11 51 00 81
11 51 01 81
11 51 02 74
11 51 03 73
11 51 04 75
11 51 05 79
11 51 06 86
11 51 07 86
11 51 08 86
11 51 09 84
11 51 10 80
11 51 11 77
11 51 12 73
11 51 13 72
11 51 14 72
11 51 15 71
11 51 16 71
11 51 17 71
11 51 18 69
11 51 19 68
11 51 20 68
11 51 21 68
11 51 22 68
11 51 23 69
11 51 24 69
11 51 25 69
11 51 26 69
11 51 27 70
11 51 28 71
11 51 29 70
11 51 30 69
11 51 31 69
11 51 32 70
11 51 33 70
11 51 34 71
11 51 35 72
11 51 36 71
11 51 37 71
11 51 38 70
11 51 39 70
11 51 40 70
11 51 41 71
11 51 42 72
11 51 43 72
11 51 44 72
11 51 45 72
11 51 46 72
11 51 47 72
11 51 48 72
11 51 49 73
11 51 50 73
11 51 51 73
11 51 52 73
11 51 53 72
11 51 54 72
11 51 55 72
11 51 56 72
11 51 57 73
11 51 58 73
11 51 59 74
11 52 00 74
11 52 01 74
11 52 02 74
11 52 03 74
11 52 04 74
11 52 05 75
11 52 06 76
11 52 07 78
11 52 08 78
11 52 09 76
11 52 10 76
11 52 11 75
11 52 12 75
11 52 13 75
11 52 14 76
11 52 15 76
11 52 16 76
11 52 17 77
11 52 18 77
11 52 19 77
11 52 20 76
11 52 21 75
11 52 22 74
11 52 23 74
11 52 24 73
11 52 25 75
11 52 26 81
11 52 27 89
11 52 28 95
11 52 29 95
11 52 30 98
11 52 31 101
11 52 32 103
11 52 33 105
11 52 34 106
11 52 35 106
11 52 36 108
11 52 37 111
11 52 38 111
11 52 39 111
11 52 40 112
11 52 41 112
11 52 42 112
11 52 43 111
11 52 44 110
11 52 45 110
11 52 46 110
11 52 47 111
11 52 48 111
11 52 49 112
11 52 50 112
11 52 51 113
11 52 52 113
11 52 53 116
11 52 54 116
11 52 55 117
11 52 56 120
11 52 57 122
11 52 58 123
11 52 59 124
11 53 00 124
11 53 01 124
11 53 02 124
11 53 03 125
11 53 04 126
11 53 05 126
11 53 06 126
11 53 07 128
11 53 08 128
11 53 09 128
11 53 10 129
11 53 11 130
11 53 12 130
11 53 13 130
11 53 14 131
11 53 15 131
11 53 16 133
11 53 17 133
11 53 18 132
11 53 19 132
11 53 20 133
11 53 21 133
11 53 22 135
11 53 23 135
11 53 24 135
11 53 25 135
11 53 26 136
11 53 27 136
11 53 28 136
11 53 29 136
11 53 30 136
11 53 31 136
11 53 32 136
11 53 33 136
11 53 34 135
11 53 35 135
11 53 36 136
11 53 37 136
11 53 38 136
11 53 39 135
11 53 40 136
11 53 41 136
11 53 42 136
11 53 43 136
11 53 44 136
11 53 45 136
11 53 46 136
11 53 47 136
11 53 48 136
11 53 49 136
11 53 50 136
11 53 51 136
11 53 52 136
11 53 53 136
11 53 54 136
11 53 55 135
11 53 56 136
11 53 57 136
11 53 58 136
11 53 59 136
11 54 00 137
11 54 01 138
11 54 02 139
11 54 03 139
11 54 04 140
11 54 05 141
11 54 06 142
11 54 07 142
11 54 08 142
11 54 09 142
11 54 10 142
11 54 11 143
11 54 12 143
11 54 13 143
11 54 14 143
11 54 15 143
11 54 16 142
11 54 17 141
11 54 18 140
11 54 19 140
11 54 20 140
11 54 21 140
11 54 22 140
11 54 23 140
11 54 24 140
11 54 25 140
11 54 26 139
11 54 27 138
11 54 28 138
11 54 29 138
11 54 30 138
11 54 31 138
11 54 32 137
11 54 33 137
11 54 34 137
11 54 35 137
11 54 36 138
11 54 37 138
11 54 38 139
11 54 39 139
11 54 40 139
11 54 41 139
11 54 42 140
11 54 43 140
11 54 44 140
11 54 45 140
11 54 46 140
11 54 47 140
11 54 48 139
11 54 49 139
11 54 50 138
11 54 51 138
11 54 52 138
11 54 53 138
11 54 54 139
11 54 55 139
11 54 56 139
11 54 57 138
11 54 58 138
11 54 59 138
11 55 00 138
11 55 01 138
11 55 02 139
11 55 03 139
11 55 04 139
11 55 05 139
11 55 06 138
11 55 07 138
11 55 08 139
11 55 09 139
11 55 10 139
11 55 11 140
11 55 12 140
11 55 13 140
11 55 14 140
11 55 15 140
11 55 16 139
11 55 17 138
11 55 18 138
11 55 19 137
11 55 20 137
11 55 21 137
11 55 22 138
11 55 23 139
11 55 24 139
11 55 25 139
11 55 26 139
11 55 27 139
11 55 28 139
11 55 29 139
11 55 30 139
11 55 31 139
11 55 32 139
11 55 33 139
11 55 34 140
11 55 35 140
11 55 36 140
11 55 37 140
11 55 38 140
11 55 39 140
11 55 40 142
11 55 41 142
11 55 42 141
11 55 43 141
11 55 44 141
11 55 45 142
11 55 46 142
11 55 47 140
11 55 48 139
11 55 49 139
11 55 50 139
11 55 51 138
11 55 52 138
11 55 53 138
11 55 54 138
11 55 55 138
11 55 56 138
11 55 57 137
11 55 58 137
11 55 59 137
11 56 00 138
11 56 01 138
11 56 02 138
11 56 03 140
11 56 04 141
11 56 05 141
11 56 06 142
11 56 07 142
11 56 08 142
11 56 09 143
11 56 10 143
11 56 11 143
11 56 12 143
11 56 13 144
11 56 14 144
11 56 15 143
11 56 16 143
11 56 17 143
11 56 18 144
11 56 19 145
11 56 20 145
11 56 21 145
11 56 22 145
11 56 23 145
11 56 24 145
11 56 25 145
11 56 26 146
11 56 27 146
11 56 28 145
11 56 29 145
11 56 30 146
11 56 31 146
11 56 32 146
11 56 33 146
11 56 34 147
11 56 35 147
11 56 36 149
11 56 37 150
11 56 38 149
11 56 39 149
11 56 40 148
11 56 41 148
11 56 42 148
11 56 43 148
11 56 44 148
11 56 45 148
11 56 46 148
11 56 47 148
11 56 48 148
11 56 49 148
11 56 50 148
11 56 51 148
11 56 52 148
11 56 53 148
11 56 54 149
11 56 55 149
11 56 56 149
11 56 57 149
11 56 58 149
11 56 59 149
11 57 00 149
11 57 01 148
11 57 02 147
11 57 03 147
11 57 04 147
11 57 05 146
11 57 06 147
11 57 07 146
11 57 08 146
11 57 09 145
11 57 10 145
11 57 11 145
11 57 12 144
11 57 13 142
11 57 14 140
11 57 15 140
11 57 16 143
11 57 17 143
11 57 18 143
11 57 19 143
11 57 20 144
11 57 21 145
11 57 22 145
11 57 23 145
11 57 24 144
11 57 25 144
11 57 26 145
11 57 27 142
11 57 28 139
11 57 29 139
11 57 30 136
11 57 31 134
11 57 32 132
11 57 33 128
11 57 34 125
11 57 35 125
11 57 36 119
11 57 37 116
11 57 38 115
11 57 39 115
11 57 40 114
11 57 41 112
11 57 42 112
11 57 43 109
11 57 44 107
11 57 45 108
11 57 46 104
11 57 47 102
11 57 48 102
11 57 49 100
11 57 50 96
11 57 51 97
11 57 52 99
11 57 53 99
11 57 54 99
11 57 55 99
11 57 56 97
11 57 57 94
11 57 58 94
11 57 59 94
11 58 00 94
11 58 01 94
11 58 02 94
11 58 03 95
11 58 04 94
11 58 05 95
11 58 06 93
11 58 07 93
11 58 08 91
11 58 09 96
11 58 10 109
11 58 11 115
11 58 12 115
11 58 13 115
11 58 14 115
11 58 15 115
11 58 16 108
11 58 17 102
11 58 18 102
11 58 19 102
11 58 20 102
11 58 21 102
11 58 22 102
11 58 23 102
11 58 24 102
11 58 25 102
11 58 26 102
11 58 27 100
11 58 28 96
11 58 29 96
11 58 30 96
11 58 31 96
11 58 32 96
11 58 33 88
11 58 34 85
11 58 35 83
11 58 36 79
11 58 37 79
11 58 38 79
11 58 39 77
11 58 40 76
11 58 41 78
11 58 42 79
11 58 43 79
11 58 44 79
11 58 45 83
11 58 46 84
11 58 47 81
11 58 48 80
11 58 49 77
11 58 50 77
11 58 51 77
11 58 52 76
11 58 53 77
11 58 54 76
11 58 55 76
11 58 56 75
11 58 57 75
11 58 58 76
11 58 59 77
11 59 00 77
11 59 01 77
11 59 02 77
11 59 03 77
11 59 04 77
11 59 05 77
11 59 06 77
11 59 07 77
11 59 08 77
11 59 09 77
11 59 10 77
11 59 11 78
11 59 12 78
11 59 13 78
11 59 14 76
11 59 15 76
11 59 16 76
11 59 17 75
11 59 18 76
11 59 19 77
11 59 20 77
11 59 21 76
11 59 22 76
11 59 23 75
11 59 24 75
11 59 25 75
11 59 26 75
11 59 27 76
11 59 28 76
11 59 29 75
11 59 30 76
11 59 31 76
11 59 32 77
11 59 33 78
11 59 34 78
11 59 35 79
11 59 36 79
11 59 37 77
11 59 38 76
11 59 39 74
11 59 40 74
11 59 41 74
11 59 42 74
11 59 43 74
11 59 44 75
11 59 45 75
11 59 46 74
11 59 47 74
11 59 48 73
11 59 49 72
11 59 50 71
11 59 51 72
11 59 52 74
11 59 53 74
11 59 54 75
11 59 55 73
11 59 56 72
11 59 57 70
11 59 58 71
11 59 59 71
12 00 00 71
12 00 01 74
12 00 02 74
12 00 03 74
12 00 04 74
12 00 05 74
12 00 06 74
12 00 07 76
12 00 08 78
12 00 09 80
12 00 10 81
12 00 11 81
12 00 12 81
12 00 13 81
12 00 14 81
12 00 15 80
12 00 16 79
12 00 17 80
12 00 18 80
12 00 19 81
12 00 20 81
12 00 21 82
12 00 22 83
12 00 23 83
12 00 24 83
12 00 25 83
12 00 26 83
12 00 27 82
12 00 28 81
12 00 29 81
12 00 30 81
12 00 31 81
12 00 32 80
12 00 33 78
12 00 34 76
12 00 35 76
12 00 36 78
12 00 37 78
12 00 38 79
12 00 39 80
12 00 40 80
12 00 41 80
12 00 42 80
12 00 43 80
12 00 44 80
12 00 45 80
12 00 46 81
12 00 47 81
12 00 48 82
12 00 49 82
12 00 50 82
12 00 51 83
12 00 52 84
12 00 53 85
12 00 54 85
12 00 55 85
12 00 56 87
12 00 57 87
12 00 58 86
12 00 59 85
12 01 00 85
12 01 01 85
12 01 02 85
12 01 03 85
12 01 04 85
12 01 05 84
12 01 06 84
12 01 07 83
12 01 08 83
12 01 09 83
12 01 10 81
12 01 11 81
12 01 12 81
12 01 13 81
12 01 14 81
12 01 15 81
12 01 16 81
12 01 17 81
12 01 18 82
12 01 19 83
12 01 20 83
12 01 21 84
12 01 22 84
12 01 23 83
12 01 24 82
12 01 25 79
12 01 26 79
12 01 27 79
12 01 28 80
12 01 29 83
12 01 30 83
12 01 31 82
12 01 32 80
12 01 33 80
12 01 34 80
12 01 35 80
12 01 36 83
12 01 37 82
12 01 38 78
12 01 39 78
12 01 40 77
12 01 41 81
12 01 42 82
12 01 43 81
12 01 44 79
12 01 45 79
12 01 46 79
12 01 47 78
12 01 48 77
12 01 49 78
12 01 50 79
12 01 51 80
12 01 52 80
12 01 53 80
12 01 54 80
12 01 55 80
12 01 56 80
12 01 57 80
12 01 58 80
12 01 59 80
12 02 00 80
12 02 01 82
12 02 02 83
12 02 03 84
12 02 04 84
12 02 05 85
12 02 06 85
12 02 07 83
12 02 08 84
12 02 09 85
12 02 10 85
12 02 11 84
12 02 12 80
12 02 13 78
12 02 14 78
12 02 15 80
12 02 16 81
12 02 17 81
12 02 18 82
12 02 19 81
12 02 20 82
12 02 21 83
12 02 22 84
12 02 23 84
12 02 24 84
12 02 25 85
12 02 26 85
12 02 27 83
12 02 28 80
12 02 29 80
12 02 30 79
12 02 31 78
12 02 32 78
12 02 33 78
12 02 34 78
12 02 35 78
12 02 36 77
12 02 37 75
12 02 38 75
12 02 39 76
12 02 40 76
12 02 41 76
12 02 42 76
12 02 43 77
12 02 44 77
12 02 45 77
12 02 46 75
12 02 47 75
12 02 48 75
12 02 49 75
12 02 50 76
12 02 51 77
12 02 52 77
12 02 53 74
12 02 54 74
12 02 55 73
12 02 56 73
12 02 57 74
12 02 58 75
12 02 59 76
12 03 00 76
12 03 01 78
12 03 02 78
12 03 03 79
12 03 04 81
12 03 05 82
12 03 06 82
12 03 07 82
12 03 08 82
12 03 09 81
12 03 10 81
12 03 11 81
12 03 12 81
12 03 13 81
12 03 14 82
12 03 15 82
12 03 16 82
12 03 17 84
12 03 18 85
12 03 19 85
12 03 20 84
12 03 21 81
12 03 22 79
12 03 23 76
12 03 24 76
12 03 25 76
12 03 26 77
12 03 27 78
12 03 28 80
12 03 29 81
12 03 30 81
12 03 31 81
12 03 32 81
12 03 33 80
12 03 34 77
12 03 35 77
12 03 36 81
12 03 37 83
12 03 38 83
12 03 39 82
12 03 40 78
12 03 41 76
12 03 42 75
12 03 43 76
12 03 44 76
12 03 45 79
12 03 46 80
12 03 47 79
12 03 48 77
12 03 49 74
12 03 50 74
12 03 51 73
12 03 52 74
12 03 53 75
12 03 54 77
12 03 55 78
12 03 56 79
12 03 57 79
12 03 58 78
12 03 59 78
12 04 00 77
12 04 01 78
12 04 02 78
12 04 03 78
12 04 04 79
12 04 05 80
12 04 06 81
12 04 07 83
12 04 08 84
12 04 09 84
12 04 10 84
12 04 11 83
12 04 12 81
12 04 13 80
12 04 14 80
12 04 15 80
12 04 16 80
12 04 17 80
12 04 18 79
12 04 19 79
12 04 20 79
12 04 21 80
12 04 22 80
12 04 23 80
12 04 24 81
12 04 25 80
12 04 26 78
12 04 27 77
12 04 28 77
12 04 29 74
12 04 30 74
12 04 31 75
12 04 32 75
12 04 33 77
12 04 34 77
12 04 35 78
12 04 36 78
12 04 37 79
12 04 38 79
12 04 39 79
12 04 40 79
12 04 41 84
12 04 42 84
12 04 43 84
12 04 44 84
12 04 45 83
12 04 46 85
12 04 47 85
12 04 48 85
12 04 49 85
12 04 50 81
12 04 51 81
12 04 52 86
12 04 53 86
12 04 54 92
12 04 55 93
12 04 56 91
